# Force coefficients
# liftDir         : (0.0000000000e+00 0.0000000000e+00 1.0000000000e+00)
# dragDir         : (1.0000000000e+00 0.0000000000e+00 0.0000000000e+00)
# pitchAxis       : (0.0000000000e+00 1.0000000000e+00 0.0000000000e+00)
# magUInf         : 5.0000000000e+00
# lRef            : 1.0000000000e+01
# Aref            : 1.0000000000e+01
# CofR            : (0.0000000000e+00 0.0000000000e+00 0.0000000000e+00)
# Time            	Cm                	Cd                	Cl                	Cl(f)             	Cl(r)             
0                 	-3.3360903731e-03	3.2845615161e-01	6.0389337304e-04	-3.0341436866e-03	3.6380370596e-03
1                 	-3.3236897438e+00	5.9963177386e+00	2.2165589355e+00	-2.2154102761e+00	4.4319692116e+00
2                 	-4.9963316395e+00	8.3663442923e+00	3.3654219362e+00	-3.3136206714e+00	6.6790426076e+00
3                 	-5.1402161843e+00	8.0161065131e+00	3.4896865804e+00	-3.3953728942e+00	6.8850594745e+00
4                 	-4.4255405250e+00	5.8891980741e+00	3.0481180010e+00	-2.9014815245e+00	5.9495995255e+00
5                 	-3.3034657624e+00	3.1207678329e+00	2.3299438348e+00	-2.1384938450e+00	4.4684376798e+00
6                 	-2.1982924262e+00	6.2199078660e-01	1.6212932950e+00	-1.3876457787e+00	3.0089390737e+00
7                 	-1.3744416273e+00	-1.0638879567e+00	1.0985711645e+00	-8.2515604501e-01	1.9237272095e+00
8                 	-8.9911298577e-01	-1.7861712595e+00	8.0365289204e-01	-4.9728653975e-01	1.3009394318e+00
9                 	-7.7664539359e-01	-1.6819049578e+00	7.3833860387e-01	-4.0747609166e-01	1.1458146955e+00
10                	-8.4844564813e-01	-1.0330691152e+00	7.8925951327e-01	-4.5381589150e-01	1.2430754048e+00
11                	-1.0341293358e+00	-1.9380241200e-01	9.0661935132e-01	-5.8081966013e-01	1.4874390115e+00
12                	-1.2446718995e+00	5.7231275865e-01	1.0310828886e+00	-7.2913045517e-01	1.7602133438e+00
13                	-1.4409197048e+00	1.0909274742e+00	1.1426182161e+00	-8.6961059673e-01	2.0122288129e+00
14                	-1.5894247044e+00	1.3123016062e+00	1.2215745158e+00	-9.7863744649e-01	2.2002119623e+00
15                	-1.6634216638e+00	1.2890109149e+00	1.2542331312e+00	-1.0363050982e+00	2.2905382294e+00
16                	-1.6867220411e+00	1.1035627043e+00	1.2598698697e+00	-1.0567871062e+00	2.3166569759e+00
17                	-1.6846353006e+00	8.4774681106e-01	1.2560585418e+00	-1.0566060297e+00	2.3126645715e+00
18                	-1.6749118903e+00	6.0107724322e-01	1.2536465495e+00	-1.0480886156e+00	2.3017351650e+00
19                	-1.6561841933e+00	4.2060997359e-01	1.2491360930e+00	-1.0316161468e+00	2.2807522398e+00
20                	-1.6288833582e+00	3.2884433806e-01	1.2411804976e+00	-1.0082931094e+00	2.2494736070e+00
21                	-1.6093713695e+00	3.1137356465e-01	1.2383912819e+00	-9.9017572853e-01	2.2285670104e+00
22                	-1.5926234926e+00	3.4768140671e-01	1.2350164431e+00	-9.7511527102e-01	2.2101317141e+00
23                	-1.5731598896e+00	4.1267645489e-01	1.2268230405e+00	-9.5974836933e-01	2.1865714098e+00
24                	-1.5599951637e+00	4.7897612298e-01	1.2201148638e+00	-9.4993773178e-01	2.1700525955e+00
25                	-1.5523349610e+00	5.3005730548e-01	1.2143526683e+00	-9.4515862680e-01	2.1595112951e+00
26                	-1.5495530489e+00	5.5814822348e-01	1.2096473449e+00	-9.4472937647e-01	2.1543767214e+00
27                	-1.5503255065e+00	5.6391846370e-01	1.2063599297e+00	-9.4714554166e-01	2.1535054713e+00
28                	-1.5531566380e+00	5.5285127821e-01	1.2044156744e+00	-9.5094880086e-01	2.1553644752e+00
29                	-1.5610528196e+00	5.3148125908e-01	1.2065543974e+00	-9.5777562085e-01	2.1643300183e+00
30                	-1.5751847568e+00	5.0556213678e-01	1.2137149811e+00	-9.6832726626e-01	2.1820422473e+00
31                	-1.5901892845e+00	4.8210735652e-01	1.2225666722e+00	-9.7890594843e-01	2.2014726206e+00
32                	-1.6040912360e+00	4.6453323006e-01	1.2316890815e+00	-9.8824669528e-01	2.2199357768e+00
33                	-1.6150315762e+00	4.5385093660e-01	1.2395351805e+00	-9.9526398596e-01	2.2347991664e+00
34                	-1.6228926906e+00	4.4943154598e-01	1.2456339589e+00	-1.0000757111e+00	2.2457096700e+00
35                	-1.6281649099e+00	4.4946566192e-01	1.2502966715e+00	-1.0030165742e+00	2.2533132457e+00
36                	-1.6306729588e+00	4.5137724785e-01	1.2528949226e+00	-1.0042254975e+00	2.2571204201e+00
37                	-1.6308152609e+00	4.5356871477e-01	1.2536136128e+00	-1.0040084545e+00	2.2576220674e+00
38                	-1.6294840637e+00	4.5477027724e-01	1.2530349817e+00	-1.0029665728e+00	2.2560015545e+00
39                	-1.6277993670e+00	4.5446452645e-01	1.2519246073e+00	-1.0018370634e+00	2.2537616707e+00
40                	-1.6259533112e+00	4.5281746649e-01	1.2505158636e+00	-1.0006953794e+00	2.2512112430e+00
41                	-1.6239098524e+00	4.4960026742e-01	1.2488402757e+00	-9.9948971452e-01	2.2483299902e+00
42                	-1.6227813277e+00	4.4507835761e-01	1.2477418896e+00	-9.9891038290e-01	2.2466522725e+00
43                	-1.6232065603e+00	4.4004846763e-01	1.2477334506e+00	-9.9933983499e-01	2.2470732856e+00
44                	-1.6250343246e+00	4.3523292497e-01	1.2487383919e+00	-1.0006651286e+00	2.2494035205e+00
45                	-1.6277508146e+00	4.3105797661e-01	1.2504260775e+00	-1.0025377758e+00	2.2529638533e+00
46                	-1.6308321530e+00	4.2765154995e-01	1.2524345649e+00	-1.0046148705e+00	2.2570494354e+00
47                	-1.6336974445e+00	4.2501941940e-01	1.2543415682e+00	-1.0065266604e+00	2.2608682286e+00
48                	-1.6359806244e+00	4.2288292077e-01	1.2558771863e+00	-1.0080420312e+00	2.2639192176e+00
49                	-1.6375770428e+00	4.2100369772e-01	1.2569652272e+00	-1.0090944292e+00	2.2660596564e+00
50                	-1.6385427435e+00	4.1922916829e-01	1.2576284258e+00	-1.0097285306e+00	2.2673569564e+00
51                	-1.6390050737e+00	4.1749545403e-01	1.2579443904e+00	-1.0100328785e+00	2.2679772689e+00
52                	-1.6391535675e+00	4.1576844001e-01	1.2580284664e+00	-1.0101393343e+00	2.2681678007e+00
53                	-1.6391593880e+00	4.1406140272e-01	1.2580001602e+00	-1.0101593078e+00	2.2681594681e+00
54                	-1.6391573797e+00	4.1237821977e-01	1.2579570580e+00	-1.0101788507e+00	2.2681359087e+00
55                	-1.6391989700e+00	4.1074490540e-01	1.2579448179e+00	-1.0102265610e+00	2.2681713790e+00
56                	-1.6393191351e+00	4.0916333769e-01	1.2579916542e+00	-1.0103233080e+00	2.2683149622e+00
57                	-1.6395066292e+00	4.0765613665e-01	1.2580988904e+00	-1.0104571840e+00	2.2685560744e+00
58                	-1.6397394512e+00	4.0622639518e-01	1.2582485745e+00	-1.0106151639e+00	2.2688637385e+00
59                	-1.6399799549e+00	4.0488511329e-01	1.2584166198e+00	-1.0107716450e+00	2.2691882648e+00
60                	-1.6402097900e+00	4.0362246793e-01	1.2585869422e+00	-1.0109163189e+00	2.2695032611e+00
61                	-1.6403936420e+00	4.0244501374e-01	1.2587330666e+00	-1.0110271088e+00	2.2697601753e+00
62                	-1.6405241585e+00	4.0133848929e-01	1.2588440078e+00	-1.0111021546e+00	2.2699461624e+00
63                	-1.6405847707e+00	4.0030433295e-01	1.2589072385e+00	-1.0111311515e+00	2.2700383900e+00
64                	-1.6405847394e+00	3.9932478047e-01	1.2589267038e+00	-1.0111213875e+00	2.2700480913e+00
65                	-1.6405288079e+00	3.9840506726e-01	1.2589082781e+00	-1.0110746689e+00	2.2699829470e+00
66                	-1.6404292161e+00	3.9753576450e-01	1.2588577260e+00	-1.0110003531e+00	2.2698580791e+00
67                	-1.6402927507e+00	3.9672309734e-01	1.2587823024e+00	-1.0109015995e+00	2.2696839018e+00
68                	-1.6401385165e+00	3.9595551325e-01	1.2586964555e+00	-1.0107902887e+00	2.2694867443e+00
69                	-1.6399646712e+00	3.9523987840e-01	1.2586001071e+00	-1.0106646176e+00	2.2692647247e+00
70                	-1.6397806941e+00	3.9456487752e-01	1.2584983752e+00	-1.0105315065e+00	2.2690298817e+00
71                	-1.6395851052e+00	3.9393397055e-01	1.2583934298e+00	-1.0103883903e+00	2.2687818201e+00
72                	-1.6393786499e+00	3.9333492557e-01	1.2582826625e+00	-1.0102373187e+00	2.2685199812e+00
73                	-1.6391597532e+00	3.9277045308e-01	1.2581655115e+00	-1.0100769974e+00	2.2682425089e+00
74                	-1.6389390185e+00	3.9223331160e-01	1.2580489697e+00	-1.0099145337e+00	2.2679635034e+00
75                	-1.6387119487e+00	3.9172863692e-01	1.2579304334e+00	-1.0097467320e+00	2.2676771654e+00
76                	-1.6384856394e+00	3.9124529894e-01	1.2578123717e+00	-1.0095794536e+00	2.2673918253e+00
77                	-1.6382586782e+00	3.9078820310e-01	1.2576951029e+00	-1.0094111267e+00	2.2671062296e+00
78                	-1.6380395044e+00	3.9035287486e-01	1.2575820636e+00	-1.0092484726e+00	2.2668305362e+00
79                	-1.6378221054e+00	3.8994469963e-01	1.2574704831e+00	-1.0090868639e+00	2.2665573470e+00
80                	-1.6376123456e+00	3.8955739255e-01	1.2573629216e+00	-1.0089308848e+00	2.2662938064e+00
81                	-1.6374065619e+00	3.8919562482e-01	1.2572600402e+00	-1.0087765418e+00	2.2660365819e+00
82                	-1.6372028852e+00	3.8885522600e-01	1.2571584192e+00	-1.0086236756e+00	2.2657820948e+00
83                	-1.6369919510e+00	3.8853594537e-01	1.2570527884e+00	-1.0084655568e+00	2.2655183452e+00
84                	-1.6367787398e+00	3.8823512363e-01	1.2569469949e+00	-1.0083052423e+00	2.2652522372e+00
85                	-1.6365533045e+00	3.8795704740e-01	1.2568357269e+00	-1.0081354411e+00	2.2649711680e+00
86                	-1.6363189491e+00	3.8769778196e-01	1.2567191080e+00	-1.0079593951e+00	2.2646785031e+00
87                	-1.6360702295e+00	3.8745975845e-01	1.2565955919e+00	-1.0077724336e+00	2.2643680254e+00
88                	-1.6358124159e+00	3.8723637772e-01	1.2564659182e+00	-1.0075794568e+00	2.2640453750e+00
89                	-1.6355430993e+00	3.8702732881e-01	1.2563288934e+00	-1.0073786526e+00	2.2637075459e+00
90                	-1.6352694873e+00	3.8683022814e-01	1.2561865732e+00	-1.0071762007e+00	2.2633627739e+00
91                	-1.6349932557e+00	3.8664639510e-01	1.2560405418e+00	-1.0069729848e+00	2.2630135266e+00
92                	-1.6347209848e+00	3.8647238418e-01	1.2558929503e+00	-1.0067745097e+00	2.2626674599e+00
93                	-1.6344536964e+00	3.8630807630e-01	1.2557452065e+00	-1.0065810931e+00	2.2623262996e+00
94                	-1.6342011966e+00	3.8615286251e-01	1.2556018659e+00	-1.0064002636e+00	2.2620021295e+00
95                	-1.6339625847e+00	3.8600973175e-01	1.2554639110e+00	-1.0062306292e+00	2.2616945402e+00
96                	-1.6337419696e+00	3.8587362998e-01	1.2553325186e+00	-1.0060757103e+00	2.2614082289e+00
97                	-1.6335373852e+00	3.8574716649e-01	1.2552080144e+00	-1.0059333780e+00	2.2611413924e+00
98                	-1.6333575090e+00	3.8562929763e-01	1.2550968253e+00	-1.0058090964e+00	2.2609059217e+00
99                	-1.6331915958e+00	3.8551954687e-01	1.2549931435e+00	-1.0056950241e+00	2.2606881676e+00
100               	-1.6330418253e+00	3.8541535366e-01	1.2548966412e+00	-1.0055935047e+00	2.2604901459e+00
101               	-1.6329033629e+00	3.8531821606e-01	1.2548081340e+00	-1.0054992960e+00	2.2603074299e+00
102               	-1.6327755529e+00	3.8522555874e-01	1.2547259621e+00	-1.0054125718e+00	2.2601385339e+00
103               	-1.6326501334e+00	3.8513869175e-01	1.2546463534e+00	-1.0053269567e+00	2.2599733101e+00
104               	-1.6325306052e+00	3.8505694836e-01	1.2545713395e+00	-1.0052449355e+00	2.2598162750e+00
105               	-1.6324049454e+00	3.8497774575e-01	1.2544940023e+00	-1.0051579443e+00	2.2596519466e+00
106               	-1.6322767772e+00	3.8490137949e-01	1.2544147342e+00	-1.0050694100e+00	2.2594841443e+00
107               	-1.6321436906e+00	3.8482979086e-01	1.2543351128e+00	-1.0049761342e+00	2.2593112470e+00
108               	-1.6320060864e+00	3.8476069807e-01	1.2542530616e+00	-1.0048795556e+00	2.2591326172e+00
109               	-1.6318592946e+00	3.8469439483e-01	1.2541666152e+00	-1.0047759870e+00	2.2589426022e+00
110               	-1.6317113318e+00	3.8463199886e-01	1.2540803481e+00	-1.0046711577e+00	2.2587515059e+00
111               	-1.6315525628e+00	3.8457188487e-01	1.2539882136e+00	-1.0045584560e+00	2.2585466696e+00
112               	-1.6313893442e+00	3.8451349894e-01	1.2538920408e+00	-1.0044433238e+00	2.2583353646e+00
113               	-1.6312231299e+00	3.8445853068e-01	1.2537958786e+00	-1.0043251906e+00	2.2581210692e+00
114               	-1.6310560149e+00	3.8440460997e-01	1.2536986522e+00	-1.0042066888e+00	2.2579053410e+00
115               	-1.6308856101e+00	3.8435340071e-01	1.2535996257e+00	-1.0040857972e+00	2.2576854229e+00
116               	-1.6307226426e+00	3.8430569002e-01	1.2535052252e+00	-1.0039700299e+00	2.2574752552e+00
117               	-1.6305556016e+00	3.8425875193e-01	1.2534086656e+00	-1.0038512688e+00	2.2572599344e+00
118               	-1.6303922575e+00	3.8421242827e-01	1.2533125663e+00	-1.0037359744e+00	2.2570485407e+00
119               	-1.6302350019e+00	3.8417027312e-01	1.2532215055e+00	-1.0036242492e+00	2.2568457547e+00
120               	-1.6300847184e+00	3.8412860427e-01	1.2531339757e+00	-1.0035177305e+00	2.2566517062e+00
121               	-1.6299384494e+00	3.8408862216e-01	1.2530490397e+00	-1.0034139296e+00	2.2564629693e+00
122               	-1.6298062726e+00	3.8405083927e-01	1.2529727835e+00	-1.0033198809e+00	2.2562926644e+00
123               	-1.6296752608e+00	3.8401522971e-01	1.2528976222e+00	-1.0032264497e+00	2.2561240719e+00
124               	-1.6295511918e+00	3.8397972102e-01	1.2528249799e+00	-1.0031387019e+00	2.2559636818e+00
125               	-1.6294355565e+00	3.8394632422e-01	1.2527589145e+00	-1.0030560992e+00	2.2558150137e+00
126               	-1.6293282706e+00	3.8391336036e-01	1.2526974634e+00	-1.0029795389e+00	2.2556770023e+00
127               	-1.6292254781e+00	3.8388275273e-01	1.2526390953e+00	-1.0029059304e+00	2.2555450258e+00
128               	-1.6291356473e+00	3.8385390395e-01	1.2525888094e+00	-1.0028412426e+00	2.2554300520e+00
129               	-1.6290459097e+00	3.8382544497e-01	1.2525392468e+00	-1.0027762863e+00	2.2553155331e+00
130               	-1.6289611388e+00	3.8379709803e-01	1.2524912064e+00	-1.0027155356e+00	2.2552067420e+00
131               	-1.6288822307e+00	3.8377108483e-01	1.2524482206e+00	-1.0026581204e+00	2.2551063410e+00
132               	-1.6288088534e+00	3.8374543883e-01	1.2524082350e+00	-1.0026047359e+00	2.2550129708e+00
133               	-1.6287367928e+00	3.8372042759e-01	1.2523693701e+00	-1.0025521077e+00	2.2549214778e+00
134               	-1.6286739592e+00	3.8369735032e-01	1.2523361272e+00	-1.0025058956e+00	2.2548420228e+00
135               	-1.6286099028e+00	3.8367526404e-01	1.2523028330e+00	-1.0024584863e+00	2.2547613193e+00
136               	-1.6285486527e+00	3.8365311303e-01	1.2522697232e+00	-1.0024137911e+00	2.2546835143e+00
137               	-1.6284904631e+00	3.8363220220e-01	1.2522397136e+00	-1.0023706064e+00	2.2546103199e+00
138               	-1.6284362149e+00	3.8361122312e-01	1.2522116805e+00	-1.0023303746e+00	2.2545420551e+00
139               	-1.6283818526e+00	3.8359186205e-01	1.2521836944e+00	-1.0022900054e+00	2.2544736998e+00
140               	-1.6283344470e+00	3.8357394686e-01	1.2521596566e+00	-1.0022546187e+00	2.2544142753e+00
141               	-1.6282854499e+00	3.8355614223e-01	1.2521352752e+00	-1.0022178124e+00	2.2543530875e+00
142               	-1.6282387430e+00	3.8353823812e-01	1.2521107486e+00	-1.0021833687e+00	2.2542941173e+00
143               	-1.6281945299e+00	3.8352222034e-01	1.2520887727e+00	-1.0021501435e+00	2.2542389162e+00
144               	-1.6281537992e+00	3.8350644109e-01	1.2520683553e+00	-1.0021196215e+00	2.2541879768e+00
145               	-1.6281122175e+00	3.8349086699e-01	1.2520473937e+00	-1.0020885206e+00	2.2541359143e+00
146               	-1.6280768093e+00	3.8347657159e-01	1.2520298164e+00	-1.0020619011e+00	2.2540917175e+00
147               	-1.6280405062e+00	3.8346323306e-01	1.2520122824e+00	-1.0020343650e+00	2.2540466474e+00
148               	-1.6280062871e+00	3.8344965855e-01	1.2519944653e+00	-1.0020090544e+00	2.2540035198e+00
149               	-1.6279738007e+00	3.8343718354e-01	1.2519786502e+00	-1.0019844756e+00	2.2539631258e+00
150               	-1.6279444895e+00	3.8342462915e-01	1.2519642325e+00	-1.0019623733e+00	2.2539266058e+00
151               	-1.6279144032e+00	3.8341293777e-01	1.2519493239e+00	-1.0019397413e+00	2.2538890652e+00
152               	-1.6278896914e+00	3.8340249788e-01	1.2519372555e+00	-1.0019210637e+00	2.2538583191e+00
153               	-1.6278636727e+00	3.8339211923e-01	1.2519250454e+00	-1.0019011500e+00	2.2538261954e+00
154               	-1.6278394918e+00	3.8338137941e-01	1.2519125340e+00	-1.0018832248e+00	2.2537957588e+00
155               	-1.6278168002e+00	3.8337227772e-01	1.2519018838e+00	-1.0018658583e+00	2.2537677421e+00
156               	-1.6277969558e+00	3.8336307658e-01	1.2518924553e+00	-1.0018507281e+00	2.2537431835e+00
157               	-1.6277756745e+00	3.8335375776e-01	1.2518822090e+00	-1.0018345700e+00	2.2537167790e+00
158               	-1.6277583025e+00	3.8334557367e-01	1.2518739913e+00	-1.0018213069e+00	2.2536952982e+00
159               	-1.6277400965e+00	3.8333782439e-01	1.2518659279e+00	-1.0018071325e+00	2.2536730605e+00
160               	-1.6277232614e+00	3.8333009783e-01	1.2518573772e+00	-1.0017945728e+00	2.2536519500e+00
161               	-1.6277068088e+00	3.8332287030e-01	1.2518499944e+00	-1.0017818116e+00	2.2536318059e+00
162               	-1.6276928666e+00	3.8331546763e-01	1.2518436573e+00	-1.0017710380e+00	2.2536146953e+00
163               	-1.6276776368e+00	3.8330906648e-01	1.2518366226e+00	-1.0017593255e+00	2.2535959481e+00
164               	-1.6276663184e+00	3.8330333018e-01	1.2518316218e+00	-1.0017505075e+00	2.2535821292e+00
165               	-1.6276532739e+00	3.8329746851e-01	1.2518262961e+00	-1.0017401259e+00	2.2535664220e+00
166               	-1.6276417411e+00	3.8329105107e-01	1.2518207049e+00	-1.0017313887e+00	2.2535520936e+00
167               	-1.6276306100e+00	3.8328602674e-01	1.2518164276e+00	-1.0017223963e+00	2.2535388238e+00
168               	-1.6276213901e+00	3.8328073652e-01	1.2518129022e+00	-1.0017149390e+00	2.2535278412e+00
169               	-1.6276101325e+00	3.8327534237e-01	1.2518082882e+00	-1.0017059885e+00	2.2535142766e+00
170               	-1.6276020029e+00	3.8327036850e-01	1.2518053457e+00	-1.0016993301e+00	2.2535046757e+00
171               	-1.6275922096e+00	3.8326620000e-01	1.2518020756e+00	-1.0016911718e+00	2.2534932474e+00
172               	-1.6275835894e+00	3.8326143587e-01	1.2517983484e+00	-1.0016844152e+00	2.2534827637e+00
173               	-1.6275745973e+00	3.8325699236e-01	1.2517952724e+00	-1.0016769611e+00	2.2534722335e+00
174               	-1.6275675170e+00	3.8325211814e-01	1.2517930396e+00	-1.0016709972e+00	2.2534640368e+00
175               	-1.6275587364e+00	3.8324847005e-01	1.2517898345e+00	-1.0016638191e+00	2.2534536537e+00
176               	-1.6275529018e+00	3.8324520429e-01	1.2517880837e+00	-1.0016588599e+00	2.2534469436e+00
177               	-1.6275451054e+00	3.8324177163e-01	1.2517859171e+00	-1.0016521469e+00	2.2534380640e+00
178               	-1.6275386982e+00	3.8323766617e-01	1.2517835046e+00	-1.0016469459e+00	2.2534304505e+00
179               	-1.6275320386e+00	3.8323555170e-01	1.2517817834e+00	-1.0016411469e+00	2.2534229303e+00
180               	-1.6275271348e+00	3.8323286633e-01	1.2517808443e+00	-1.0016367127e+00	2.2534175570e+00
181               	-1.6275200818e+00	3.8322999744e-01	1.2517786470e+00	-1.0016307583e+00	2.2534094053e+00
182               	-1.6275159668e+00	3.8322755597e-01	1.2517778149e+00	-1.0016270593e+00	2.2534048742e+00
183               	-1.6275102421e+00	3.8322604389e-01	1.2517768237e+00	-1.0016218303e+00	2.2533986540e+00
184               	-1.6275057120e+00	3.8322403566e-01	1.2517753413e+00	-1.0016180414e+00	2.2533933827e+00
185               	-1.6275001954e+00	3.8322251932e-01	1.2517740022e+00	-1.0016131943e+00	2.2533871964e+00
186               	-1.6274964947e+00	3.8322052153e-01	1.2517734491e+00	-1.0016097702e+00	2.2533832193e+00
187               	-1.6274908593e+00	3.8321932611e-01	1.2517717141e+00	-1.0016050022e+00	2.2533767163e+00
188               	-1.6274877300e+00	3.8321814873e-01	1.2517710412e+00	-1.0016022094e+00	2.2533732506e+00
189               	-1.6274826898e+00	3.8321674006e-01	1.2517700142e+00	-1.0015976827e+00	2.2533676969e+00
190               	-1.6274789276e+00	3.8321476026e-01	1.2517685756e+00	-1.0015946398e+00	2.2533632154e+00
191               	-1.6274744913e+00	3.8321407991e-01	1.2517674575e+00	-1.0015907626e+00	2.2533582201e+00
192               	-1.6274719091e+00	3.8321277357e-01	1.2517672081e+00	-1.0015883050e+00	2.2533555131e+00
193               	-1.6274669300e+00	3.8321131153e-01	1.2517655398e+00	-1.0015841601e+00	2.2533496999e+00
194               	-1.6274645410e+00	3.8320978750e-01	1.2517650404e+00	-1.0015820208e+00	2.2533470612e+00
195               	-1.6274606948e+00	3.8320906368e-01	1.2517645860e+00	-1.0015784019e+00	2.2533429878e+00
196               	-1.6274581247e+00	3.8320755081e-01	1.2517637420e+00	-1.0015762537e+00	2.2533399957e+00
197               	-1.6274544338e+00	3.8320669924e-01	1.2517629720e+00	-1.0015729478e+00	2.2533359199e+00
198               	-1.6274526594e+00	3.8320511685e-01	1.2517631862e+00	-1.0015710663e+00	2.2533342525e+00
199               	-1.6274489373e+00	3.8320423956e-01	1.2517622162e+00	-1.0015678291e+00	2.2533300454e+00
200               	-1.6274477589e+00	3.8320328488e-01	1.2517623601e+00	-1.0015665789e+00	2.2533289390e+00
