# Force coefficients
# liftDir         : (0.0000000000e+00 0.0000000000e+00 1.0000000000e+00)
# dragDir         : (1.0000000000e+00 0.0000000000e+00 0.0000000000e+00)
# pitchAxis       : (0.0000000000e+00 1.0000000000e+00 0.0000000000e+00)
# magUInf         : 5.0000000000e+00
# lRef            : 1.0000000000e+01
# Aref            : 1.0000000000e+01
# CofR            : (0.0000000000e+00 0.0000000000e+00 0.0000000000e+00)
# Time            	Cm                	Cd                	Cl                	Cl(f)             	Cl(r)             
0                 	-4.6964739023e-03	3.2821055798e-01	8.7650600892e-04	-4.2582208978e-03	5.1347269067e-03
1                 	-4.6042970571e+00	6.0060133881e+00	2.9904305979e+00	-3.1090817582e+00	6.0995123560e+00
2                 	-6.9197503798e+00	8.3784199618e+00	4.5405758226e+00	-4.6494624685e+00	9.1900382911e+00
3                 	-7.2904195883e+00	8.0117945225e+00	4.8458529728e+00	-4.8674931020e+00	9.7133460747e+00
4                 	-6.4248315567e+00	5.8795901843e+00	4.3505636918e+00	-4.2495497108e+00	8.6001134026e+00
5                 	-4.9842400624e+00	3.1057686202e+00	3.4693067298e+00	-3.2495866975e+00	6.7188934273e+00
6                 	-3.5088427924e+00	6.0298949440e-01	2.5483150825e+00	-2.2346852512e+00	4.7830003337e+00
7                 	-2.3480380180e+00	-1.0822032729e+00	1.8166643769e+00	-1.4397058295e+00	3.2563702064e+00
8                 	-1.6159641307e+00	-1.7975187150e+00	1.3507229365e+00	-9.4060266243e-01	2.2913255989e+00
9                 	-1.3236852913e+00	-1.6779421154e+00	1.1591272068e+00	-7.4412168788e-01	1.9032488947e+00
10                	-1.3371267920e+00	-1.0225450890e+00	1.1586743491e+00	-7.5778961741e-01	1.9164639665e+00
11                	-1.5539722837e+00	-1.8332367395e-01	1.2853665711e+00	-9.1128899814e-01	2.1966555692e+00
12                	-1.8654360157e+00	5.7812864493e-01	1.4715601663e+00	-1.1296559325e+00	2.6012160988e+00
13                	-2.1729095482e+00	1.0944077553e+00	1.6547616339e+00	-1.3455287313e+00	3.0002903652e+00
14                	-2.4164115204e+00	1.3153672398e+00	1.7975401729e+00	-1.5176414339e+00	3.3151816068e+00
15                	-2.5673591501e+00	1.2873714044e+00	1.8851077846e+00	-1.6248052579e+00	3.5099130424e+00
16                	-2.6389128032e+00	1.0941663404e+00	1.9286099664e+00	-1.6746078200e+00	3.6032177864e+00
17                	-2.6421869309e+00	8.3408354731e-01	1.9325748066e+00	-1.6758995276e+00	3.6084743342e+00
18                	-2.5980837955e+00	5.9064706930e-01	1.9096874082e+00	-1.6432400914e+00	3.5529274996e+00
19                	-2.5286887565e+00	4.1556980188e-01	1.8732954854e+00	-1.5920410139e+00	3.4653364992e+00
20                	-2.4566991746e+00	3.2690751763e-01	1.8362986557e+00	-1.5385498468e+00	3.3748485024e+00
21                	-2.3974753130e+00	3.1291616656e-01	1.8059088297e+00	-1.4945208982e+00	3.3004297279e+00
22                	-2.3565495906e+00	3.5118868038e-01	1.7854120858e+00	-1.4638435477e+00	3.2492556335e+00
23                	-2.3336817311e+00	4.1656395580e-01	1.7732736285e+00	-1.4470449169e+00	3.2203185453e+00
24                	-2.3280132264e+00	4.8240701397e-01	1.7699515535e+00	-1.4430374496e+00	3.2129890031e+00
25                	-2.3348904990e+00	5.3233868556e-01	1.7728375169e+00	-1.4484717406e+00	3.2213092574e+00
26                	-2.3488754963e+00	5.5884722782e-01	1.7791268923e+00	-1.4593120501e+00	3.2384389424e+00
27                	-2.3648098400e+00	5.6304574071e-01	1.7864480203e+00	-1.4715858299e+00	3.2580338502e+00
28                	-2.3809227342e+00	5.5061588474e-01	1.7945050054e+00	-1.4836702315e+00	3.2781752369e+00
29                	-2.3955523560e+00	5.2836637243e-01	1.8022869627e+00	-1.4944088747e+00	3.2966958374e+00
30                	-2.4075036848e+00	5.0340025357e-01	1.8091115589e+00	-1.5029479053e+00	3.3120594642e+00
31                	-2.4167574899e+00	4.8090654845e-01	1.8149593012e+00	-1.5092778393e+00	3.3242371405e+00
32                	-2.4236791846e+00	4.6364519160e-01	1.8198681501e+00	-1.5137451095e+00	3.3336132596e+00
33                	-2.4296226045e+00	4.5302899380e-01	1.8242111243e+00	-1.5175170424e+00	3.3417281667e+00
34                	-2.4342592230e+00	4.4870460069e-01	1.8278550895e+00	-1.5203316782e+00	3.3481867678e+00
35                	-2.4378308624e+00	4.4883325164e-01	1.8310138755e+00	-1.5223239246e+00	3.3533378001e+00
36                	-2.4409423025e+00	4.5079486253e-01	1.8336968111e+00	-1.5240938969e+00	3.3577907080e+00
37                	-2.4436563955e+00	4.5290235485e-01	1.8359315884e+00	-1.5256906014e+00	3.3616221897e+00
38                	-2.4459491104e+00	4.5391609772e-01	1.8377324951e+00	-1.5270828628e+00	3.3648153580e+00
39                	-2.4477691516e+00	4.5339398720e-01	1.8390961642e+00	-1.5282210695e+00	3.3673172338e+00
40                	-2.4489016614e+00	4.5128635340e-01	1.8399825114e+00	-1.5289104057e+00	3.3688929171e+00
41                	-2.4495751154e+00	4.4741105142e-01	1.8405504038e+00	-1.5292999135e+00	3.3698503173e+00
42                	-2.4501344388e+00	4.4250915687e-01	1.8410238604e+00	-1.5296225086e+00	3.3706463690e+00
43                	-2.4507247939e+00	4.3743726412e-01	1.8415102687e+00	-1.5299696596e+00	3.3714799283e+00
44                	-2.4514515558e+00	4.3275989481e-01	1.8420844871e+00	-1.5304093123e+00	3.3724937994e+00
45                	-2.4524144398e+00	4.2878652275e-01	1.8428004966e+00	-1.5310141915e+00	3.3738146881e+00
46                	-2.4536251383e+00	4.2560356366e-01	1.8436422696e+00	-1.5318040036e+00	3.3754462731e+00
47                	-2.4550616409e+00	4.2307991021e-01	1.8445852580e+00	-1.5327690119e+00	3.3773542699e+00
48                	-2.4566601955e+00	4.2095268061e-01	1.8456068784e+00	-1.5338567563e+00	3.3794636347e+00
49                	-2.4583606065e+00	4.1904070336e-01	1.8466789918e+00	-1.5350211106e+00	3.3817001024e+00
50                	-2.4600812704e+00	4.1721245039e-01	1.8477601358e+00	-1.5362012025e+00	3.3839613383e+00
51                	-2.4617481238e+00	4.1540620511e-01	1.8488117345e+00	-1.5373422565e+00	3.3861539910e+00
52                	-2.4632598677e+00	4.1359930631e-01	1.8497722930e+00	-1.5383737212e+00	3.3881460142e+00
53                	-2.4645559532e+00	4.1180267483e-01	1.8506097735e+00	-1.5392510665e+00	3.3898608400e+00
54                	-2.4655872873e+00	4.1003324320e-01	1.8513046860e+00	-1.5399349443e+00	3.3912396303e+00
55                	-2.4663393632e+00	4.0831683223e-01	1.8518472882e+00	-1.5404157191e+00	3.3922630073e+00
56                	-2.4668170291e+00	4.0666852156e-01	1.8522403578e+00	-1.5406968501e+00	3.3929372080e+00
57                	-2.4670744941e+00	4.0510878099e-01	1.8525126730e+00	-1.5408181576e+00	3.3933308307e+00
58                	-2.4671470880e+00	4.0364323012e-01	1.8526761195e+00	-1.5408090282e+00	3.3934851478e+00
59                	-2.4671070551e+00	4.0227262717e-01	1.8527648570e+00	-1.5407246266e+00	3.3934894836e+00
60                	-2.4670045439e+00	4.0099741583e-01	1.8528055002e+00	-1.5406017938e+00	3.3934072940e+00
61                	-2.4668839724e+00	3.9980917945e-01	1.8528169121e+00	-1.5404755163e+00	3.3932924284e+00
62                	-2.4667638036e+00	3.9869653895e-01	1.8528109370e+00	-1.5403583351e+00	3.3931692721e+00
63                	-2.4666675810e+00	3.9764973050e-01	1.8528047008e+00	-1.5402652306e+00	3.3930699314e+00
64                	-2.4665751999e+00	3.9666467626e-01	1.8527893744e+00	-1.5401805127e+00	3.3929698871e+00
65                	-2.4664857502e+00	3.9573372183e-01	1.8527688800e+00	-1.5401013102e+00	3.3928701902e+00
66                	-2.4663759506e+00	3.9485728308e-01	1.8527376034e+00	-1.5400071489e+00	3.3927447523e+00
67                	-2.4662344432e+00	3.9403017179e-01	1.8526889565e+00	-1.5398899649e+00	3.3925789214e+00
68                	-2.4660392815e+00	3.9325140600e-01	1.8526143408e+00	-1.5397321111e+00	3.3923464519e+00
69                	-2.4657940403e+00	3.9252099256e-01	1.8525176612e+00	-1.5395352097e+00	3.3920528709e+00
70                	-2.4654793544e+00	3.9183584058e-01	1.8523866418e+00	-1.5392860335e+00	3.3916726753e+00
71                	-2.4651098227e+00	3.9118919085e-01	1.8522275967e+00	-1.5389960244e+00	3.3912236211e+00
72                	-2.4646840185e+00	3.9057933806e-01	1.8520407688e+00	-1.5386636341e+00	3.3907044029e+00
73                	-2.4642186888e+00	3.9000452569e-01	1.8518314441e+00	-1.5383029667e+00	3.3901344108e+00
74                	-2.4637175845e+00	3.8946068279e-01	1.8516014942e+00	-1.5379168374e+00	3.3895183316e+00
75                	-2.4632073183e+00	3.8894572817e-01	1.8513648752e+00	-1.5375248807e+00	3.3888897558e+00
76                	-2.4626842429e+00	3.8845842764e-01	1.8511191230e+00	-1.5371246814e+00	3.3882438044e+00
77                	-2.4621700910e+00	3.8799715361e-01	1.8508752472e+00	-1.5367324674e+00	3.3876077146e+00
78                	-2.4616653078e+00	3.8756165014e-01	1.8506364538e+00	-1.5363470809e+00	3.3869835347e+00
79                	-2.4611851538e+00	3.8714953364e-01	1.8504079909e+00	-1.5359811583e+00	3.3863891492e+00
80                	-2.4607220639e+00	3.8676098451e-01	1.8501877546e+00	-1.5356281866e+00	3.3858159412e+00
81                	-2.4602870930e+00	3.8639775878e-01	1.8499826474e+00	-1.5352957693e+00	3.3852784167e+00
82                	-2.4598646199e+00	3.8605637806e-01	1.8497846390e+00	-1.5349723004e+00	3.3847569394e+00
83                	-2.4594630779e+00	3.8573608529e-01	1.8495973794e+00	-1.5346643882e+00	3.3842617675e+00
84                	-2.4590674204e+00	3.8543579505e-01	1.8494144013e+00	-1.5343602198e+00	3.3837746211e+00
85                	-2.4586834919e+00	3.8515236280e-01	1.8492368762e+00	-1.5340650538e+00	3.3833019300e+00
86                	-2.4582984341e+00	3.8488872394e-01	1.8490589461e+00	-1.5337689611e+00	3.3828279071e+00
87                	-2.4579214762e+00	3.8464455661e-01	1.8488840420e+00	-1.5334794552e+00	3.3823634972e+00
88                	-2.4575439557e+00	3.8441699725e-01	1.8487083813e+00	-1.5331897650e+00	3.3818981463e+00
89                	-2.4571774640e+00	3.8420672793e-01	1.8485367117e+00	-1.5329091082e+00	3.3814458199e+00
90                	-2.4568127233e+00	3.8401104153e-01	1.8483648425e+00	-1.5326303020e+00	3.3809951445e+00
91                	-2.4564627587e+00	3.8382754454e-01	1.8481975002e+00	-1.5323640086e+00	3.3805615088e+00
92                	-2.4561197520e+00	3.8365469919e-01	1.8480319408e+00	-1.5321037815e+00	3.3801357224e+00
93                	-2.4557972335e+00	3.8349307224e-01	1.8478739186e+00	-1.5318602742e+00	3.3797341929e+00
94                	-2.4554864044e+00	3.8334185550e-01	1.8477200443e+00	-1.5316263823e+00	3.3793464266e+00
95                	-2.4552018639e+00	3.8319873551e-01	1.8475767566e+00	-1.5314134856e+00	3.3789902422e+00
96                	-2.4549339834e+00	3.8306411676e-01	1.8474409621e+00	-1.5312135023e+00	3.3786544644e+00
97                	-2.4546937019e+00	3.8293936505e-01	1.8473176166e+00	-1.5310348936e+00	3.3783525102e+00
98                	-2.4544688680e+00	3.8282105803e-01	1.8472017771e+00	-1.5308679794e+00	3.3780697566e+00
99                	-2.4542692718e+00	3.8271117359e-01	1.8470978566e+00	-1.5307203435e+00	3.3778182001e+00
100               	-2.4540815921e+00	3.8260695279e-01	1.8470006876e+00	-1.5305812483e+00	3.3775819359e+00
101               	-2.4539134374e+00	3.8251028160e-01	1.8469133068e+00	-1.5304567840e+00	3.3773700908e+00
102               	-2.4537493523e+00	3.8241830323e-01	1.8468287696e+00	-1.5303349675e+00	3.3771637371e+00
103               	-2.4535964247e+00	3.8233116587e-01	1.8467495217e+00	-1.5302216638e+00	3.3769711856e+00
104               	-2.4534396982e+00	3.8224746188e-01	1.8466691967e+00	-1.5301050998e+00	3.3767742965e+00
105               	-2.4532868207e+00	3.8216843201e-01	1.8465903005e+00	-1.5299916705e+00	3.3765819710e+00
106               	-2.4531229316e+00	3.8209125711e-01	1.8465062543e+00	-1.5298698044e+00	3.3763760587e+00
107               	-2.4529576261e+00	3.8201820079e-01	1.8464204381e+00	-1.5297474070e+00	3.3761678452e+00
108               	-2.4527789721e+00	3.8194669351e-01	1.8463277260e+00	-1.5296151091e+00	3.3759428351e+00
109               	-2.4525964283e+00	3.8188022202e-01	1.8462316955e+00	-1.5294805805e+00	3.3757122760e+00
110               	-2.4523990631e+00	3.8181468519e-01	1.8461277264e+00	-1.5293351999e+00	3.3754629263e+00
111               	-2.4521991159e+00	3.8175253288e-01	1.8460206548e+00	-1.5291887885e+00	3.3752094433e+00
112               	-2.4519867697e+00	3.8169167929e-01	1.8459069528e+00	-1.5290332933e+00	3.3749402461e+00
113               	-2.4517747956e+00	3.8163570655e-01	1.8457921064e+00	-1.5288787425e+00	3.3746708488e+00
114               	-2.4515542749e+00	3.8158000012e-01	1.8456727738e+00	-1.5287178880e+00	3.3743906618e+00
115               	-2.4513380401e+00	3.8152778964e-01	1.8455544197e+00	-1.5285608303e+00	3.3741152500e+00
116               	-2.4511173875e+00	3.8147672177e-01	1.8454342159e+00	-1.5284002795e+00	3.3738344954e+00
117               	-2.4509049018e+00	3.8143070516e-01	1.8453174876e+00	-1.5282461580e+00	3.3735636457e+00
118               	-2.4506914146e+00	3.8138283655e-01	1.8452008517e+00	-1.5280909887e+00	3.3732918404e+00
119               	-2.4504890888e+00	3.8133943047e-01	1.8450893388e+00	-1.5279444195e+00	3.3730337582e+00
120               	-2.4502888042e+00	3.8129712531e-01	1.8449796780e+00	-1.5277989652e+00	3.3727786432e+00
121               	-2.4501022360e+00	3.8125729603e-01	1.8448766727e+00	-1.5276638996e+00	3.3725405723e+00
122               	-2.4499184565e+00	3.8121759839e-01	1.8447761545e+00	-1.5275303792e+00	3.3723065337e+00
123               	-2.4497496741e+00	3.8118187267e-01	1.8446829602e+00	-1.5274081940e+00	3.3720911542e+00
124               	-2.4495857589e+00	3.8114398841e-01	1.8445934235e+00	-1.5272890472e+00	3.3718824707e+00
125               	-2.4494377235e+00	3.8111052966e-01	1.8445118611e+00	-1.5271817930e+00	3.3716936541e+00
126               	-2.4492937978e+00	3.8107742167e-01	1.8444336201e+00	-1.5270769878e+00	3.3715106079e+00
127               	-2.4491643942e+00	3.8104717707e-01	1.8443625642e+00	-1.5269831121e+00	3.3713456763e+00
128               	-2.4490389005e+00	3.8101496453e-01	1.8442946679e+00	-1.5268915666e+00	3.3711862345e+00
129               	-2.4489275272e+00	3.8098717322e-01	1.8442338860e+00	-1.5268105842e+00	3.3710444702e+00
130               	-2.4488175769e+00	3.8095831831e-01	1.8441751047e+00	-1.5267300246e+00	3.3709051293e+00
131               	-2.4487204783e+00	3.8093150598e-01	1.8441225111e+00	-1.5266592228e+00	3.3707817339e+00
132               	-2.4486243973e+00	3.8090472811e-01	1.8440715855e+00	-1.5265886046e+00	3.3706601901e+00
133               	-2.4485390846e+00	3.8088172143e-01	1.8440259483e+00	-1.5265261104e+00	3.3705520587e+00
134               	-2.4484529255e+00	3.8085630081e-01	1.8439810020e+00	-1.5264624245e+00	3.3704434264e+00
135               	-2.4483765533e+00	3.8083366865e-01	1.8439405117e+00	-1.5264062974e+00	3.3703468091e+00
136               	-2.4482983029e+00	3.8080946671e-01	1.8439001075e+00	-1.5263482492e+00	3.3702483567e+00
137               	-2.4482288478e+00	3.8078986323e-01	1.8438637773e+00	-1.5262969592e+00	3.3701607365e+00
138               	-2.4481567914e+00	3.8076804792e-01	1.8438269217e+00	-1.5262433306e+00	3.3700702523e+00
139               	-2.4480921007e+00	3.8074872202e-01	1.8437931557e+00	-1.5261955228e+00	3.3699886785e+00
140               	-2.4480244895e+00	3.8072823340e-01	1.8437587468e+00	-1.5261451161e+00	3.3699038629e+00
141               	-2.4479655666e+00	3.8071015925e-01	1.8437281560e+00	-1.5261014886e+00	3.3698296446e+00
142               	-2.4479033749e+00	3.8069086414e-01	1.8436966842e+00	-1.5260550328e+00	3.3697517170e+00
143               	-2.4478490572e+00	3.8067553604e-01	1.8436683744e+00	-1.5260148699e+00	3.3696832444e+00
144               	-2.4477922409e+00	3.8065732459e-01	1.8436395136e+00	-1.5259724841e+00	3.3696119977e+00
145               	-2.4477430509e+00	3.8064217836e-01	1.8436138837e+00	-1.5259361091e+00	3.3695499928e+00
146               	-2.4476900617e+00	3.8062582231e-01	1.8435871428e+00	-1.5258964903e+00	3.3694836331e+00
147               	-2.4476447535e+00	3.8061230700e-01	1.8435635231e+00	-1.5258629920e+00	3.3694265151e+00
148               	-2.4475970355e+00	3.8059617833e-01	1.8435394353e+00	-1.5258273179e+00	3.3693667532e+00
149               	-2.4475569795e+00	3.8058453471e-01	1.8435185790e+00	-1.5257976900e+00	3.3693162690e+00
150               	-2.4475130156e+00	3.8057131331e-01	1.8434966135e+00	-1.5257647089e+00	3.3692613224e+00
151               	-2.4474766544e+00	3.8055934551e-01	1.8434776062e+00	-1.5257378513e+00	3.3692154575e+00
152               	-2.4474371226e+00	3.8054680621e-01	1.8434577225e+00	-1.5257082613e+00	3.3691659838e+00
153               	-2.4474043376e+00	3.8053694757e-01	1.8434406340e+00	-1.5256840207e+00	3.3691246546e+00
154               	-2.4473673455e+00	3.8052504962e-01	1.8434222108e+00	-1.5256562401e+00	3.3690784509e+00
155               	-2.4473374071e+00	3.8051641364e-01	1.8434065945e+00	-1.5256341098e+00	3.3690407043e+00
156               	-2.4473048156e+00	3.8050490255e-01	1.8433902597e+00	-1.5256096858e+00	3.3689999455e+00
157               	-2.4472794661e+00	3.8049758921e-01	1.8433769197e+00	-1.5255910063e+00	3.3689679260e+00
158               	-2.4472491370e+00	3.8048828273e-01	1.8433618278e+00	-1.5255682231e+00	3.3689300509e+00
159               	-2.4472260337e+00	3.8048060543e-01	1.8433494412e+00	-1.5255513131e+00	3.3689007543e+00
160               	-2.4471997267e+00	3.8047066063e-01	1.8433362274e+00	-1.5255316130e+00	3.3688678404e+00
161               	-2.4471808422e+00	3.8046515607e-01	1.8433261251e+00	-1.5255177796e+00	3.3688439047e+00
162               	-2.4471585224e+00	3.8045727624e-01	1.8433149865e+00	-1.5255010291e+00	3.3688160156e+00
163               	-2.4471425301e+00	3.8045099739e-01	1.8433062280e+00	-1.5254894161e+00	3.3687956441e+00
164               	-2.4471229393e+00	3.8044285282e-01	1.8432965461e+00	-1.5254746662e+00	3.3687712123e+00
165               	-2.4471102726e+00	3.8043872007e-01	1.8432898425e+00	-1.5254653513e+00	3.3687551938e+00
166               	-2.4470934479e+00	3.8043157774e-01	1.8432818266e+00	-1.5254525347e+00	3.3687343612e+00
167               	-2.4470825453e+00	3.8042708856e-01	1.8432760168e+00	-1.5254445369e+00	3.3687205537e+00
168               	-2.4470669277e+00	3.8042042921e-01	1.8432687595e+00	-1.5254325480e+00	3.3687013075e+00
169               	-2.4470573478e+00	3.8041602950e-01	1.8432638892e+00	-1.5254254032e+00	3.3686892924e+00
170               	-2.4470421456e+00	3.8040980494e-01	1.8432569467e+00	-1.5254136723e+00	3.3686706190e+00
171               	-2.4470321620e+00	3.8040633081e-01	1.8432517138e+00	-1.5254063051e+00	3.3686580189e+00
172               	-2.4470170396e+00	3.8040053507e-01	1.8432447115e+00	-1.5253946839e+00	3.3686393954e+00
173               	-2.4470083501e+00	3.8039726813e-01	1.8432401769e+00	-1.5253882616e+00	3.3686284385e+00
174               	-2.4469945935e+00	3.8039242741e-01	1.8432338556e+00	-1.5253776657e+00	3.3686115214e+00
175               	-2.4469867990e+00	3.8039036000e-01	1.8432295910e+00	-1.5253720035e+00	3.3686015945e+00
176               	-2.4469749542e+00	3.8038448955e-01	1.8432240519e+00	-1.5253629283e+00	3.3685869802e+00
177               	-2.4469696386e+00	3.8038253043e-01	1.8432211296e+00	-1.5253590739e+00	3.3685802034e+00
178               	-2.4469591914e+00	3.8037890568e-01	1.8432164849e+00	-1.5253509489e+00	3.3685674338e+00
179               	-2.4469551911e+00	3.8037690227e-01	1.8432140465e+00	-1.5253481679e+00	3.3685622144e+00
180               	-2.4469465504e+00	3.8037238883e-01	1.8432100678e+00	-1.5253415164e+00	3.3685515843e+00
181               	-2.4469438861e+00	3.8037124785e-01	1.8432085038e+00	-1.5253396342e+00	3.3685481381e+00
182               	-2.4469359257e+00	3.8036814596e-01	1.8432051199e+00	-1.5253333658e+00	3.3685384856e+00
183               	-2.4469330977e+00	3.8036818823e-01	1.8432035406e+00	-1.5253313274e+00	3.3685348680e+00
184               	-2.4469253631e+00	3.8036370232e-01	1.8432003402e+00	-1.5253251930e+00	3.3685255332e+00
185               	-2.4469230601e+00	3.8036314320e-01	1.8431992998e+00	-1.5253234102e+00	3.3685227101e+00
186               	-2.4469148455e+00	3.8036110659e-01	1.8431961365e+00	-1.5253167773e+00	3.3685129138e+00
187               	-2.4469118905e+00	3.8036000919e-01	1.8431946742e+00	-1.5253145534e+00	3.3685092276e+00
188               	-2.4469036739e+00	3.8035576279e-01	1.8431913806e+00	-1.5253079836e+00	3.3684993642e+00
189               	-2.4469011930e+00	3.8035526199e-01	1.8431902883e+00	-1.5253060488e+00	3.3684963371e+00
190               	-2.4468932466e+00	3.8035339320e-01	1.8431872258e+00	-1.5252996337e+00	3.3684868595e+00
191               	-2.4468913606e+00	3.8035233160e-01	1.8431861637e+00	-1.5252982787e+00	3.3684844424e+00
192               	-2.4468846854e+00	3.8034891306e-01	1.8431834765e+00	-1.5252929472e+00	3.3684764237e+00
193               	-2.4468841701e+00	3.8034911369e-01	1.8431832168e+00	-1.5252925617e+00	3.3684757785e+00
194               	-2.4468788813e+00	3.8034671017e-01	1.8431812839e+00	-1.5252882394e+00	3.3684695233e+00
195               	-2.4468791658e+00	3.8034635552e-01	1.8431812338e+00	-1.5252885490e+00	3.3684697827e+00
196               	-2.4468744010e+00	3.8034309900e-01	1.8431794586e+00	-1.5252846716e+00	3.3684641303e+00
197               	-2.4468754367e+00	3.8034344211e-01	1.8431799778e+00	-1.5252854478e+00	3.3684654256e+00
198               	-2.4468709237e+00	3.8034241089e-01	1.8431786022e+00	-1.5252816226e+00	3.3684602248e+00
199               	-2.4468722209e+00	3.8034192993e-01	1.8431791778e+00	-1.5252826320e+00	3.3684618098e+00
200               	-2.4468682806e+00	3.8033960309e-01	1.8431779861e+00	-1.5252792876e+00	3.3684572737e+00
