# Force coefficients
# liftDir         : (0.0000000000e+00 0.0000000000e+00 1.0000000000e+00)
# dragDir         : (1.0000000000e+00 0.0000000000e+00 0.0000000000e+00)
# pitchAxis       : (0.0000000000e+00 1.0000000000e+00 0.0000000000e+00)
# magUInf         : 5.0000000000e+00
# lRef            : 1.0000000000e+01
# Aref            : 1.0000000000e+01
# CofR            : (0.0000000000e+00 0.0000000000e+00 0.0000000000e+00)
# Time            	Cm                	Cd                	Cl                	Cl(f)             	Cl(r)             
0                 	-3.6972061530e-03	3.2731791468e-01	7.0499137942e-04	-3.3447104633e-03	4.0497018427e-03
1                 	-3.7201224276e+00	5.9571869940e+00	2.4318564798e+00	-2.5041941877e+00	4.9360506674e+00
2                 	-5.5718598060e+00	8.2947797709e+00	3.6776197423e+00	-3.7330499349e+00	7.4106696772e+00
3                 	-5.8353161232e+00	7.9251364784e+00	3.8999730213e+00	-3.8853296126e+00	7.7853026339e+00
4                 	-5.1027164933e+00	5.7949585535e+00	3.4726116354e+00	-3.3664106756e+00	6.8390223110e+00
5                 	-3.9087310500e+00	3.0311531901e+00	2.7340113726e+00	-2.5417253637e+00	5.2757367363e+00
6                 	-2.6977985630e+00	5.4251704612e-01	1.9727280918e+00	-1.7114345171e+00	3.6841626089e+00
7                 	-1.7524054155e+00	-1.1288248924e+00	1.3747339414e+00	-1.0650384448e+00	2.4397723862e+00
8                 	-1.1657116601e+00	-1.8319472670e+00	1.0024230162e+00	-6.6450015196e-01	1.6669231682e+00
9                 	-9.3258959250e-01	-1.7179159653e+00	8.5251455448e-01	-5.0633231526e-01	1.3588468697e+00
10                	-9.5630575472e-01	-1.0630903765e+00	8.6286266174e-01	-5.2487442385e-01	1.3877370856e+00
11                	-1.1409413013e+00	-2.1637141904e-01	9.7582461515e-01	-6.5302899376e-01	1.6288536089e+00
12                	-1.3900654550e+00	5.4659221472e-01	1.1274602588e+00	-8.2633532558e-01	1.9537955843e+00
13                	-1.6322648282e+00	1.0633098328e+00	1.2723052250e+00	-9.9611221570e-01	2.2684174407e+00
14                	-1.8224700931e+00	1.2833185724e+00	1.3819201166e+00	-1.1315100348e+00	2.5134301514e+00
15                	-1.9366321037e+00	1.2570523742e+00	1.4449952751e+00	-1.2141344661e+00	2.6591297412e+00
16                	-1.9909229424e+00	1.0660918224e+00	1.4759706552e+00	-1.2529376148e+00	2.7289082700e+00
17                	-1.9973300592e+00	8.0671497154e-01	1.4797931593e+00	-1.2574334796e+00	2.7372266389e+00
18                	-1.9735841407e+00	5.6180629074e-01	1.4668333936e+00	-1.2401674439e+00	2.7070008375e+00
19                	-1.9308715307e+00	3.8591874973e-01	1.4445882506e+00	-1.2085774054e+00	2.6531656560e+00
20                	-1.8823487596e+00	2.9747815582e-01	1.4207667961e+00	-1.1719653616e+00	2.5927321576e+00
21                	-1.8426603979e+00	2.8289816288e-01	1.4021287309e+00	-1.1415960324e+00	2.5437247633e+00
22                	-1.8138421545e+00	3.2043113328e-01	1.3890222180e+00	-1.1193310455e+00	2.5083532635e+00
23                	-1.7968835778e+00	3.8564048611e-01	1.3812657606e+00	-1.1062506975e+00	2.4875164581e+00
24                	-1.7904895075e+00	4.5144933292e-01	1.3785368156e+00	-1.1012210997e+00	2.4797579153e+00
25                	-1.7924384099e+00	5.0148402990e-01	1.3794400911e+00	-1.1027183644e+00	2.4821584554e+00
26                	-1.8003968087e+00	5.2837030431e-01	1.3826567674e+00	-1.1090684250e+00	2.4917251925e+00
27                	-1.8108858156e+00	5.3309981545e-01	1.3869523249e+00	-1.1174096531e+00	2.5043619780e+00
28                	-1.8211313531e+00	5.2119649572e-01	1.3914284704e+00	-1.1254171179e+00	2.5168455883e+00
29                	-1.8327510811e+00	4.9863205776e-01	1.3971400233e+00	-1.1341810694e+00	2.5313210927e+00
30                	-1.8436511938e+00	4.7310650917e-01	1.4029947861e+00	-1.1421538008e+00	2.5451485869e+00
31                	-1.8533328453e+00	4.5030302224e-01	1.4087932327e+00	-1.1489362289e+00	2.5577294616e+00
32                	-1.8614147208e+00	4.3319576849e-01	1.4142270932e+00	-1.1543011742e+00	2.5685282674e+00
33                	-1.8678240513e+00	4.2314570796e-01	1.4190413558e+00	-1.1583033734e+00	2.5773447292e+00
34                	-1.8729064105e+00	4.1909731541e-01	1.4230265724e+00	-1.1613931243e+00	2.5844196967e+00
35                	-1.8766217077e+00	4.1933497777e-01	1.4263949003e+00	-1.1634242576e+00	2.5898191579e+00
36                	-1.8793734760e+00	4.2122327844e-01	1.4288434660e+00	-1.1649517430e+00	2.5937952091e+00
37                	-1.8811666518e+00	4.2321728774e-01	1.4304051423e+00	-1.1659640806e+00	2.5963692229e+00
38                	-1.8821790508e+00	4.2414435178e-01	1.4312346535e+00	-1.1665617241e+00	2.5977963775e+00
39                	-1.8827647260e+00	4.2364246895e-01	1.4315644319e+00	-1.1669825101e+00	2.5985469420e+00
40                	-1.8830029456e+00	4.2165915046e-01	1.4315687807e+00	-1.1672185553e+00	2.5987873360e+00
41                	-1.8831347444e+00	4.1799508126e-01	1.4314998553e+00	-1.1673848167e+00	2.5988846720e+00
42                	-1.8835018948e+00	4.1323089981e-01	1.4316769245e+00	-1.1676634325e+00	2.5993403570e+00
43                	-1.8841333416e+00	4.0826677244e-01	1.4321253290e+00	-1.1680706771e+00	2.6001960061e+00
44                	-1.8849253867e+00	4.0365138705e-01	1.4327564201e+00	-1.1685471766e+00	2.6013035967e+00
45                	-1.8857574883e+00	3.9970853158e-01	1.4334812751e+00	-1.1690168508e+00	2.6024981259e+00
46                	-1.8865296090e+00	3.9651847632e-01	1.4341906748e+00	-1.1694342716e+00	2.6036249464e+00
47                	-1.8872218133e+00	3.9402297237e-01	1.4348075307e+00	-1.1698180479e+00	2.6046255786e+00
48                	-1.8878580210e+00	3.9189297702e-01	1.4353330135e+00	-1.1701915142e+00	2.6055245277e+00
49                	-1.8884363994e+00	3.8997297676e-01	1.4357587135e+00	-1.1705570427e+00	2.6063157562e+00
50                	-1.8889711644e+00	3.8811198658e-01	1.4360971739e+00	-1.1709225774e+00	2.6070197514e+00
51                	-1.8894954912e+00	3.8629569120e-01	1.4363744377e+00	-1.1713082724e+00	2.6076827100e+00
52                	-1.8900343210e+00	3.8448898947e-01	1.4366169365e+00	-1.1717258528e+00	2.6083427893e+00
53                	-1.8905999653e+00	3.8274011439e-01	1.4368535915e+00	-1.1721731696e+00	2.6090267611e+00
54                	-1.8911778134e+00	3.8101663720e-01	1.4371058594e+00	-1.1726248837e+00	2.6097307431e+00
55                	-1.8917363524e+00	3.7936413405e-01	1.4373706300e+00	-1.1730510374e+00	2.6104216674e+00
56                	-1.8922442562e+00	3.7775125299e-01	1.4376423750e+00	-1.1734230687e+00	2.6110654437e+00
57                	-1.8926806266e+00	3.7622336191e-01	1.4379101881e+00	-1.1737255325e+00	2.6116357206e+00
58                	-1.8930161891e+00	3.7475793258e-01	1.4381481307e+00	-1.1739421238e+00	2.6120902545e+00
59                	-1.8932451822e+00	3.7339330419e-01	1.4383414135e+00	-1.1740744754e+00	2.6124158889e+00
60                	-1.8933703479e+00	3.7209512007e-01	1.4384851247e+00	-1.1741277855e+00	2.6126129102e+00
61                	-1.8933975897e+00	3.7089747295e-01	1.4385690802e+00	-1.1741130496e+00	2.6126821298e+00
62                	-1.8933402626e+00	3.6975903247e-01	1.4385975971e+00	-1.1740414640e+00	2.6126390611e+00
63                	-1.8932093310e+00	3.6870302483e-01	1.4385725926e+00	-1.1739230348e+00	2.6124956273e+00
64                	-1.8930164017e+00	3.6769020504e-01	1.4385033915e+00	-1.1737647059e+00	2.6122680975e+00
65                	-1.8927677873e+00	3.6675296302e-01	1.4383917186e+00	-1.1735719280e+00	2.6119636466e+00
66                	-1.8924726904e+00	3.6585524784e-01	1.4382496056e+00	-1.1733478876e+00	2.6115974932e+00
67                	-1.8921346218e+00	3.6502775652e-01	1.4380803569e+00	-1.1730944434e+00	2.6111748002e+00
68                	-1.8917572169e+00	3.6423838228e-01	1.4378904268e+00	-1.1728120035e+00	2.6107024303e+00
69                	-1.8913336935e+00	3.6351234853e-01	1.4376738336e+00	-1.1724967767e+00	2.6101706102e+00
70                	-1.8908711111e+00	3.6281365694e-01	1.4374382353e+00	-1.1721519935e+00	2.6095902287e+00
71                	-1.8903781009e+00	3.6217212394e-01	1.4371877223e+00	-1.1717842398e+00	2.6089719620e+00
72                	-1.8898580715e+00	3.6155234869e-01	1.4369231675e+00	-1.1713964877e+00	2.6083196552e+00
73                	-1.8893198110e+00	3.6097970905e-01	1.4366457979e+00	-1.1709969121e+00	2.6076427100e+00
74                	-1.8887800380e+00	3.6041925367e-01	1.4363685714e+00	-1.1705957523e+00	2.6069643237e+00
75                	-1.8882437417e+00	3.5990600625e-01	1.4360889318e+00	-1.1701992758e+00	2.6062882076e+00
76                	-1.8877243510e+00	3.5940341424e-01	1.4358158860e+00	-1.1698164080e+00	2.6056322940e+00
77                	-1.8872319715e+00	3.5894089567e-01	1.4355546162e+00	-1.1694546633e+00	2.6050092796e+00
78                	-1.8867737377e+00	3.5848520716e-01	1.4353098890e+00	-1.1691187932e+00	2.6044286822e+00
79                	-1.8863554862e+00	3.5807208722e-01	1.4350823651e+00	-1.1688143037e+00	2.6038966688e+00
80                	-1.8859835644e+00	3.5766645425e-01	1.4348810050e+00	-1.1685430619e+00	2.6034240669e+00
81                	-1.8856509124e+00	3.5730169620e-01	1.4346988167e+00	-1.1683015040e+00	2.6030003207e+00
82                	-1.8853563199e+00	3.5694352264e-01	1.4345380210e+00	-1.1680873094e+00	2.6026253304e+00
83                	-1.8850940497e+00	3.5662266380e-01	1.4343952876e+00	-1.1678964059e+00	2.6022916935e+00
84                	-1.8848545144e+00	3.5630673659e-01	1.4342667720e+00	-1.1677211284e+00	2.6019879004e+00
85                	-1.8846303684e+00	3.5602645377e-01	1.4341460785e+00	-1.1675573291e+00	2.6017034076e+00
86                	-1.8844206975e+00	3.5575069958e-01	1.4340377804e+00	-1.1674018073e+00	2.6014395877e+00
87                	-1.8842157208e+00	3.5551077250e-01	1.4339325607e+00	-1.1672494404e+00	2.6011820011e+00
88                	-1.8840135690e+00	3.5527312324e-01	1.4338309512e+00	-1.1670980934e+00	2.6009290447e+00
89                	-1.8838107764e+00	3.5506598285e-01	1.4337298339e+00	-1.1669458595e+00	2.6006756934e+00
90                	-1.8836026691e+00	3.5485615048e-01	1.4336271896e+00	-1.1667890743e+00	2.6004162639e+00
91                	-1.8833891383e+00	3.5467505701e-01	1.4335188842e+00	-1.1666296962e+00	2.6001485804e+00
92                	-1.8831738655e+00	3.5448852035e-01	1.4334106195e+00	-1.1664685558e+00	2.5998791753e+00
93                	-1.8829531320e+00	3.5432657290e-01	1.4332959162e+00	-1.1663051739e+00	2.5996010901e+00
94                	-1.8827317509e+00	3.5415874957e-01	1.4331793379e+00	-1.1661420820e+00	2.5993214199e+00
95                	-1.8825144945e+00	3.5401678404e-01	1.4330629974e+00	-1.1659829958e+00	2.5990459932e+00
96                	-1.8823001086e+00	3.5386866928e-01	1.4329476821e+00	-1.1658262675e+00	2.5987739496e+00
97                	-1.8820905217e+00	3.5374346675e-01	1.4328316974e+00	-1.1656746730e+00	2.5985063704e+00
98                	-1.8818894730e+00	3.5361081078e-01	1.4327219369e+00	-1.1655285045e+00	2.5982504414e+00
99                	-1.8816936894e+00	3.5350169562e-01	1.4326132458e+00	-1.1653870665e+00	2.5980003123e+00
100               	-1.8815038174e+00	3.5338562832e-01	1.4325080773e+00	-1.1652497787e+00	2.5977578560e+00
101               	-1.8813185941e+00	3.5328922891e-01	1.4324054280e+00	-1.1651158801e+00	2.5975213081e+00
102               	-1.8811338534e+00	3.5318307838e-01	1.4323045467e+00	-1.1649815801e+00	2.5972861267e+00
103               	-1.8809486224e+00	3.5309892739e-01	1.4322015184e+00	-1.1648478632e+00	2.5970493816e+00
104               	-1.8807632858e+00	3.5300347304e-01	1.4321009796e+00	-1.1647127960e+00	2.5968137757e+00
105               	-1.8805709310e+00	3.5292633528e-01	1.4319948016e+00	-1.1645735302e+00	2.5965683318e+00
106               	-1.8803730625e+00	3.5283753625e-01	1.4318858566e+00	-1.1644301342e+00	2.5963159908e+00
107               	-1.8801719389e+00	3.5276846635e-01	1.4317745229e+00	-1.1642846775e+00	2.5960592004e+00
108               	-1.8799636600e+00	3.5268604645e-01	1.4316594707e+00	-1.1641339247e+00	2.5957933954e+00
109               	-1.8797493823e+00	3.5262253322e-01	1.4315378964e+00	-1.1639804340e+00	2.5955183305e+00
110               	-1.8795345717e+00	3.5254547619e-01	1.4314176378e+00	-1.1638257528e+00	2.5952433906e+00
111               	-1.8793151441e+00	3.5248752626e-01	1.4312922378e+00	-1.1636690252e+00	2.5949612630e+00
112               	-1.8790950777e+00	3.5241649283e-01	1.4311658066e+00	-1.1635121743e+00	2.5946779810e+00
113               	-1.8788788555e+00	3.5236329920e-01	1.4310403961e+00	-1.1633586575e+00	2.5943990536e+00
114               	-1.8786626076e+00	3.5229584468e-01	1.4309152834e+00	-1.1632049659e+00	2.5941202494e+00
115               	-1.8784504117e+00	3.5224850117e-01	1.4307897162e+00	-1.1630555536e+00	2.5938452698e+00
116               	-1.8782479728e+00	3.5218744716e-01	1.4306716791e+00	-1.1629121332e+00	2.5935838123e+00
117               	-1.8780483252e+00	3.5214346032e-01	1.4305532143e+00	-1.1627717180e+00	2.5933249324e+00
118               	-1.8778553430e+00	3.5208661834e-01	1.4304389623e+00	-1.1626358618e+00	2.5930748241e+00
119               	-1.8776752276e+00	3.5204750901e-01	1.4303318590e+00	-1.1625092982e+00	2.5928411571e+00
120               	-1.8774999029e+00	3.5199441129e-01	1.4302285648e+00	-1.1623856204e+00	2.5926141853e+00
121               	-1.8773323030e+00	3.5195904398e-01	1.4301275675e+00	-1.1622685192e+00	2.5923960868e+00
122               	-1.8771775056e+00	3.5191017174e-01	1.4300368943e+00	-1.1621590584e+00	2.5921959527e+00
123               	-1.8770278162e+00	3.5187829077e-01	1.4299478004e+00	-1.1620539160e+00	2.5920017164e+00
124               	-1.8768851875e+00	3.5183313888e-01	1.4298635901e+00	-1.1619533924e+00	2.5918169825e+00
125               	-1.8767544679e+00	3.5180551737e-01	1.4297864248e+00	-1.1618612555e+00	2.5916476803e+00
126               	-1.8766269350e+00	3.5176193525e-01	1.4297126707e+00	-1.1617705997e+00	2.5914832704e+00
127               	-1.8765057418e+00	3.5173717653e-01	1.4296406964e+00	-1.1616853936e+00	2.5913260900e+00
128               	-1.8763942976e+00	3.5169907394e-01	1.4295772853e+00	-1.1616056550e+00	2.5911829403e+00
129               	-1.8762856344e+00	3.5167550234e-01	1.4295139645e+00	-1.1615286521e+00	2.5910426167e+00
130               	-1.8761801654e+00	3.5163811118e-01	1.4294535467e+00	-1.1614533921e+00	2.5909069388e+00
131               	-1.8760840141e+00	3.5161889748e-01	1.4293984158e+00	-1.1613848062e+00	2.5907832220e+00
132               	-1.8759885086e+00	3.5158402362e-01	1.4293451755e+00	-1.1613159208e+00	2.5906610963e+00
133               	-1.8758960232e+00	3.5156584078e-01	1.4292915289e+00	-1.1612502587e+00	2.5905417877e+00
134               	-1.8758099896e+00	3.5153331147e-01	1.4292444169e+00	-1.1611877811e+00	2.5904321981e+00
135               	-1.8757255048e+00	3.5151697760e-01	1.4291968388e+00	-1.1611270855e+00	2.5903239242e+00
136               	-1.8756422357e+00	3.5148643570e-01	1.4291507665e+00	-1.1610668525e+00	2.5902176190e+00
137               	-1.8755662925e+00	3.5147205004e-01	1.4291081898e+00	-1.1610121976e+00	2.5901203873e+00
138               	-1.8754895810e+00	3.5144214548e-01	1.4290669097e+00	-1.1609561261e+00	2.5900230358e+00
139               	-1.8754155109e+00	3.5142962910e-01	1.4290246927e+00	-1.1609031646e+00	2.5899278573e+00
140               	-1.8753468472e+00	3.5140297875e-01	1.4289879700e+00	-1.1608528621e+00	2.5898408322e+00
141               	-1.8752791667e+00	3.5139133432e-01	1.4289502710e+00	-1.1608040312e+00	2.5897543022e+00
142               	-1.8752120566e+00	3.5136460754e-01	1.4289136355e+00	-1.1607552389e+00	2.5896688744e+00
143               	-1.8751519483e+00	3.5135497883e-01	1.4288802348e+00	-1.1607118309e+00	2.5895920657e+00
144               	-1.8750920727e+00	3.5133042668e-01	1.4288485530e+00	-1.1606677963e+00	2.5895163492e+00
145               	-1.8750345595e+00	3.5132202409e-01	1.4288154669e+00	-1.1606268260e+00	2.5894422929e+00
146               	-1.8749816647e+00	3.5129833730e-01	1.4287873564e+00	-1.1605879866e+00	2.5893753429e+00
147               	-1.8749312104e+00	3.5129122186e-01	1.4287591019e+00	-1.1605516595e+00	2.5893107614e+00
148               	-1.8748811890e+00	3.5126971278e-01	1.4287317039e+00	-1.1605153370e+00	2.5892470409e+00
149               	-1.8748370447e+00	3.5126410123e-01	1.4287067165e+00	-1.1604836864e+00	2.5891904029e+00
150               	-1.8747933918e+00	3.5124226766e-01	1.4286837237e+00	-1.1604515299e+00	2.5891352536e+00
151               	-1.8747519166e+00	3.5123824894e-01	1.4286595157e+00	-1.1604221587e+00	2.5890816744e+00
152               	-1.8747143767e+00	3.5121913779e-01	1.4286397404e+00	-1.1603945065e+00	2.5890342469e+00
153               	-1.8746791266e+00	3.5121541375e-01	1.4286196878e+00	-1.1603692827e+00	2.5889889705e+00
154               	-1.8746435137e+00	3.5119638270e-01	1.4286002372e+00	-1.1603433951e+00	2.5889436323e+00
155               	-1.8746131294e+00	3.5119406932e-01	1.4285828167e+00	-1.1603217211e+00	2.5889045378e+00
156               	-1.8745830578e+00	3.5117575955e-01	1.4285673304e+00	-1.1602993926e+00	2.5888667230e+00
157               	-1.8745545062e+00	3.5117523357e-01	1.4285502137e+00	-1.1602793994e+00	2.5888296131e+00
158               	-1.8745272445e+00	3.5115776338e-01	1.4285361857e+00	-1.1602591516e+00	2.5887953373e+00
159               	-1.8745025185e+00	3.5115754939e-01	1.4285222026e+00	-1.1602414172e+00	2.5887636198e+00
160               	-1.8744768418e+00	3.5114206655e-01	1.4285085814e+00	-1.1602225511e+00	2.5887311325e+00
161               	-1.8744549290e+00	3.5114214064e-01	1.4284959562e+00	-1.1602069509e+00	2.5887029071e+00
162               	-1.8744326519e+00	3.5112602756e-01	1.4284849681e+00	-1.1601901678e+00	2.5886751359e+00
163               	-1.8744120983e+00	3.5112764926e-01	1.4284725463e+00	-1.1601758252e+00	2.5886483715e+00
164               	-1.8743937751e+00	3.5111360466e-01	1.4284635694e+00	-1.1601619905e+00	2.5886255598e+00
165               	-1.8743766834e+00	3.5111541133e-01	1.4284539230e+00	-1.1601497219e+00	2.5886036449e+00
166               	-1.8743591798e+00	3.5110178875e-01	1.4284450320e+00	-1.1601366638e+00	2.5885816958e+00
167               	-1.8743451238e+00	3.5110341071e-01	1.4284371140e+00	-1.1601265669e+00	2.5885636808e+00
168               	-1.8743305517e+00	3.5108949712e-01	1.4284307961e+00	-1.1601151537e+00	2.5885459498e+00
169               	-1.8743170696e+00	3.5109309425e-01	1.4284227506e+00	-1.1601056943e+00	2.5885284450e+00
170               	-1.8743043482e+00	3.5107950029e-01	1.4284174693e+00	-1.1600956136e+00	2.5885130829e+00
171               	-1.8742925771e+00	3.5108280496e-01	1.4284114501e+00	-1.1600868521e+00	2.5884983021e+00
172               	-1.8742800887e+00	3.5107072059e-01	1.4284060328e+00	-1.1600770723e+00	2.5884831051e+00
173               	-1.8742699923e+00	3.5107383279e-01	1.4284008013e+00	-1.1600695917e+00	2.5884703929e+00
174               	-1.8742586243e+00	3.5106059721e-01	1.4283968159e+00	-1.1600602164e+00	2.5884570323e+00
175               	-1.8742482930e+00	3.5106484033e-01	1.4283911075e+00	-1.1600527392e+00	2.5884438467e+00
176               	-1.8742385683e+00	3.5105269293e-01	1.4283878961e+00	-1.1600446202e+00	2.5884325163e+00
177               	-1.8742296127e+00	3.5105731392e-01	1.4283837779e+00	-1.1600377237e+00	2.5884215016e+00
178               	-1.8742196072e+00	3.5104620063e-01	1.4283801175e+00	-1.1600295484e+00	2.5884096659e+00
179               	-1.8742120509e+00	3.5105027328e-01	1.4283766542e+00	-1.1600237238e+00	2.5884003780e+00
180               	-1.8742036237e+00	3.5103866902e-01	1.4283746272e+00	-1.1600163101e+00	2.5883909373e+00
181               	-1.8741960143e+00	3.5104450277e-01	1.4283706979e+00	-1.1600106654e+00	2.5883813633e+00
182               	-1.8741887624e+00	3.5103320972e-01	1.4283690216e+00	-1.1600042516e+00	2.5883732732e+00
183               	-1.8741822869e+00	3.5103848418e-01	1.4283665323e+00	-1.1599990208e+00	2.5883655530e+00
184               	-1.8741753863e+00	3.5102887164e-01	1.4283646683e+00	-1.1599930521e+00	2.5883577205e+00
185               	-1.8741703366e+00	3.5103452315e-01	1.4283625114e+00	-1.1599890808e+00	2.5883515923e+00
186               	-1.8741641923e+00	3.5102387885e-01	1.4283616004e+00	-1.1599833921e+00	2.5883449925e+00
187               	-1.8741586841e+00	3.5103047463e-01	1.4283587402e+00	-1.1599793140e+00	2.5883380542e+00
188               	-1.8741536917e+00	3.5102069132e-01	1.4283580094e+00	-1.1599746870e+00	2.5883326964e+00
189               	-1.8741490216e+00	3.5102731482e-01	1.4283561864e+00	-1.1599709284e+00	2.5883271148e+00
190               	-1.8741433757e+00	3.5101834094e-01	1.4283546850e+00	-1.1599660332e+00	2.5883207182e+00
191               	-1.8741394588e+00	3.5102403237e-01	1.4283528293e+00	-1.1599630441e+00	2.5883158734e+00
192               	-1.8741348541e+00	3.5101403319e-01	1.4283524920e+00	-1.1599586081e+00	2.5883111001e+00
193               	-1.8741306321e+00	3.5102131421e-01	1.4283499990e+00	-1.1599556326e+00	2.5883056316e+00
194               	-1.8741264945e+00	3.5101136488e-01	1.4283494282e+00	-1.1599517804e+00	2.5883012085e+00
195               	-1.8741229682e+00	3.5101773383e-01	1.4283481039e+00	-1.1599489163e+00	2.5882970202e+00
196               	-1.8741187487e+00	3.5100931173e-01	1.4283472719e+00	-1.1599451127e+00	2.5882923846e+00
197               	-1.8741160359e+00	3.5101557733e-01	1.4283459053e+00	-1.1599430832e+00	2.5882889886e+00
198               	-1.8741123612e+00	3.5100555055e-01	1.4283460179e+00	-1.1599393523e+00	2.5882853702e+00
199               	-1.8741092920e+00	3.5101254706e-01	1.4283441904e+00	-1.1599371968e+00	2.5882813872e+00
200               	-1.8741065908e+00	3.5100337134e-01	1.4283443897e+00	-1.1599343960e+00	2.5882787857e+00
