# Force coefficients
# liftDir         : (0.0000000000e+00 0.0000000000e+00 1.0000000000e+00)
# dragDir         : (1.0000000000e+00 0.0000000000e+00 0.0000000000e+00)
# pitchAxis       : (0.0000000000e+00 1.0000000000e+00 0.0000000000e+00)
# magUInf         : 5.0000000000e+00
# lRef            : 1.0000000000e+01
# Aref            : 1.0000000000e+01
# CofR            : (0.0000000000e+00 0.0000000000e+00 0.0000000000e+00)
# Time            	Cm                	Cd                	Cl                	Cl(f)             	Cl(r)             
0                 	-2.1624330682e-03	3.2691542843e-01	4.1991130396e-04	-1.9524774163e-03	2.3723887202e-03
1                 	-2.2705953577e+00	5.9271415051e+00	1.5066879367e+00	-1.5172513894e+00	3.0239393261e+00
2                 	-3.3888794132e+00	8.2555268320e+00	2.2725365667e+00	-2.2526111298e+00	4.5251476966e+00
3                 	-3.5086118425e+00	7.8750953303e+00	2.3667920970e+00	-2.3252157940e+00	4.6920078910e+00
4                 	-3.0577543985e+00	5.7415842555e+00	2.0845405771e+00	-2.0154841099e+00	4.1000246871e+00
5                 	-2.3246778543e+00	2.9831876381e+00	1.6106916549e+00	-1.5193320268e+00	3.1300236817e+00
6                 	-1.5978180322e+00	5.0468242396e-01	1.1400169996e+00	-1.0278095324e+00	2.1678265320e+00
7                 	-1.0559973671e+00	-1.1561899523e+00	7.9309178583e-01	-6.5945147419e-01	1.4525432600e+00
8                 	-7.4754436336e-01	-1.8529379102e+00	6.0173390205e-01	-4.4667741233e-01	1.0484113144e+00
9                 	-6.7155856385e-01	-1.7418955151e+00	5.6530656242e-01	-3.8890528264e-01	9.5421184506e-01
10                	-7.0544886325e-01	-1.0808613561e+00	5.9527228400e-01	-4.0781272126e-01	1.0030850053e+00
11                	-8.0707196657e-01	-2.2987141792e-01	6.6544166566e-01	-4.7435113374e-01	1.1397927994e+00
12                	-9.3354688698e-01	5.3565234018e-01	7.4683844239e-01	-5.6012766578e-01	1.3069661082e+00
13                	-1.0501083816e+00	1.0520550793e+00	8.1735404600e-01	-6.4143135857e-01	1.4587854046e+00
14                	-1.1353995632e+00	1.2724420415e+00	8.6365542101e-01	-7.0357185267e-01	1.5672272737e+00
15                	-1.1713821435e+00	1.2454297225e+00	8.7685340085e-01	-7.3295544307e-01	1.6098088439e+00
16                	-1.1884988801e+00	1.0496081421e+00	8.8115166511e-01	-7.4792304759e-01	1.6290747127e+00
17                	-1.1901535374e+00	7.8703151465e-01	8.7824960415e-01	-7.5102873537e-01	1.6292783395e+00
18                	-1.1811131086e+00	5.4176343472e-01	8.7196311228e-01	-7.4513155243e-01	1.6170946647e+00
19                	-1.1691845089e+00	3.6440983311e-01	8.6650566198e-01	-7.3593167794e-01	1.6024373399e+00
20                	-1.1522711530e+00	2.7655854305e-01	8.6057439016e-01	-7.2198395796e-01	1.5825583481e+00
21                	-1.1439434999e+00	2.6271658002e-01	8.6072752349e-01	-7.1357973811e-01	1.5743072616e+00
22                	-1.1387504883e+00	3.0146545572e-01	8.6246782667e-01	-7.0751657500e-01	1.5699844017e+00
23                	-1.1334455580e+00	3.6692527925e-01	8.6266441631e-01	-7.0211334989e-01	1.5647777662e+00
24                	-1.1268715147e+00	4.3462100677e-01	8.6042544594e-01	-6.9665879178e-01	1.5570842377e+00
25                	-1.1211346953e+00	4.8589139625e-01	8.5743079573e-01	-6.9241929740e-01	1.5498500931e+00
26                	-1.1177816350e+00	5.1324814456e-01	8.5439099422e-01	-6.9058613785e-01	1.5449771321e+00
27                	-1.1152550730e+00	5.1806369512e-01	8.5114318094e-01	-6.8968348250e-01	1.5408266634e+00
28                	-1.1129888357e+00	5.0635121926e-01	8.4779121418e-01	-6.8909322866e-01	1.5368844428e+00
29                	-1.1140147407e+00	4.8435458371e-01	8.4684815869e-01	-6.9059066135e-01	1.5374388200e+00
30                	-1.1206426798e+00	4.5748731378e-01	8.5003818015e-01	-6.9562358977e-01	1.5456617699e+00
31                	-1.1290373946e+00	4.3347324572e-01	8.5488210569e-01	-7.0159634177e-01	1.5564784475e+00
32                	-1.1376780656e+00	4.1584110008e-01	8.6036995063e-01	-7.0749309030e-01	1.5678630409e+00
33                	-1.1450388738e+00	4.0528290034e-01	8.6547938020e-01	-7.1229918372e-01	1.5777785639e+00
34                	-1.1512262278e+00	4.0109653919e-01	8.6986381654e-01	-7.1629431956e-01	1.5861581361e+00
35                	-1.1555874945e+00	4.0147475803e-01	8.7342025250e-01	-7.1887736824e-01	1.5922976207e+00
36                	-1.1582685013e+00	4.0368124374e-01	8.7569843392e-01	-7.2041928430e-01	1.5961177182e+00
37                	-1.1591759448e+00	4.0608518583e-01	8.7662444110e-01	-7.2086372425e-01	1.5974881653e+00
38                	-1.1586712843e+00	4.0739176281e-01	8.7648150577e-01	-7.2043053142e-01	1.5969120372e+00
39                	-1.1574310462e+00	4.0708800962e-01	8.7568733290e-01	-7.1958737975e-01	1.5952747126e+00
40                	-1.1557110902e+00	4.0534918133e-01	8.7447378104e-01	-7.1847419965e-01	1.5929479807e+00
41                	-1.1536169826e+00	4.0188570582e-01	8.7293677219e-01	-7.1714859649e-01	1.5900853687e+00
42                	-1.1522477111e+00	3.9711644509e-01	8.7185173623e-01	-7.1632184294e-01	1.5881735792e+00
43                	-1.1521067728e+00	3.9198423880e-01	8.7158133725e-01	-7.1631610414e-01	1.5878974414e+00
44                	-1.1529521954e+00	3.8720428672e-01	8.7198497614e-01	-7.1695970729e-01	1.5889446834e+00
45                	-1.1543895028e+00	3.8311766993e-01	8.7281847109e-01	-7.1798026723e-01	1.5907987383e+00
46                	-1.1562022223e+00	3.7974746982e-01	8.7392751543e-01	-7.1923846463e-01	1.5931659801e+00
47                	-1.1581364920e+00	3.7715968594e-01	8.7508960371e-01	-7.2059169016e-01	1.5956812939e+00
48                	-1.1598401593e+00	3.7508269781e-01	8.7606582922e-01	-7.2180724469e-01	1.5978730739e+00
49                	-1.1611483298e+00	3.7325678727e-01	8.7676860499e-01	-7.2276402728e-01	1.5995326323e+00
50                	-1.1620243764e+00	3.7150357040e-01	8.7719129050e-01	-7.2342873116e-01	1.6006200217e+00
51                	-1.1625325528e+00	3.6975727678e-01	8.7738206612e-01	-7.2384151973e-01	1.6012235859e+00
52                	-1.1627798734e+00	3.6798731617e-01	8.7741745925e-01	-7.2407114377e-01	1.6014886030e+00
53                	-1.1628758167e+00	3.6622722412e-01	8.7737505106e-01	-7.2418829117e-01	1.6015633422e+00
54                	-1.1628814530e+00	3.6448083800e-01	8.7730482562e-01	-7.2422904016e-01	1.6015338658e+00
55                	-1.1628349438e+00	3.6279050252e-01	8.7723488875e-01	-7.2421749947e-01	1.6014523882e+00
56                	-1.1627441297e+00	3.6116135522e-01	8.7717088684e-01	-7.2415868632e-01	1.6013295732e+00
57                	-1.1626185740e+00	3.5962962528e-01	8.7710972529e-01	-7.2406371136e-01	1.6011734367e+00
58                	-1.1624577204e+00	3.5818532339e-01	8.7704206410e-01	-7.2393668833e-01	1.6009787524e+00
59                	-1.1622746568e+00	3.5684279969e-01	8.7696447737e-01	-7.2379241813e-01	1.6007568955e+00
60                	-1.1620793445e+00	3.5558149904e-01	8.7687623115e-01	-7.2364122896e-01	1.6005174601e+00
61                	-1.1618906979e+00	3.5441119360e-01	8.7678150660e-01	-7.2349994459e-01	1.6002814512e+00
62                	-1.1617147845e+00	3.5330437285e-01	8.7668316940e-01	-7.2337319981e-01	1.6000563692e+00
63                	-1.1615587555e+00	3.5227144168e-01	8.7658601380e-01	-7.2326574863e-01	1.5998517624e+00
64                	-1.1614158126e+00	3.5128314452e-01	8.7649202660e-01	-7.2316979933e-01	1.5996618259e+00
65                	-1.1612813378e+00	3.5035043391e-01	8.7640170824e-01	-7.2308048371e-01	1.5994821920e+00
66                	-1.1611402176e+00	3.4945480739e-01	8.7631114447e-01	-7.2298464533e-01	1.5992957898e+00
67                	-1.1609868991e+00	3.4861532138e-01	8.7621801064e-01	-7.2287789376e-01	1.5990959044e+00
68                	-1.1608094567e+00	3.4780821658e-01	8.7611858284e-01	-7.2275016524e-01	1.5988687481e+00
69                	-1.1605987461e+00	3.4705888068e-01	8.7600368559e-01	-7.2259690332e-01	1.5986005889e+00
70                	-1.1603485680e+00	3.4634145798e-01	8.7587016784e-01	-7.2241348410e-01	1.5982836519e+00
71                	-1.1600630463e+00	3.4567529765e-01	8.7571778494e-01	-7.2220415384e-01	1.5979219388e+00
72                	-1.1597399983e+00	3.4503694635e-01	8.7554342285e-01	-7.2196828685e-01	1.5975117097e+00
73                	-1.1593899730e+00	3.4444568964e-01	8.7535040554e-01	-7.2171477023e-01	1.5970651758e+00
74                	-1.1590217943e+00	3.4387696568e-01	8.7514531662e-01	-7.2144913604e-01	1.5965944527e+00
75                	-1.1586453759e+00	3.4335232949e-01	8.7493115928e-01	-7.2117979626e-01	1.5961109555e+00
76                	-1.1582719745e+00	3.4284454765e-01	8.7471608270e-01	-7.2091393317e-01	1.5956300159e+00
77                	-1.1579137711e+00	3.4237314275e-01	8.7450659233e-01	-7.2066047496e-01	1.5951670673e+00
78                	-1.1575742413e+00	3.4191852688e-01	8.7430547106e-01	-7.2042150575e-01	1.5947269768e+00
79                	-1.1572600266e+00	3.4150127476e-01	8.7411673661e-01	-7.2020165825e-01	1.5943183949e+00
80                	-1.1569711997e+00	3.4109555718e-01	8.7394400906e-01	-7.1999919519e-01	1.5939432043e+00
81                	-1.1567044858e+00	3.4072781870e-01	8.7378394598e-01	-7.1981251284e-01	1.5935964588e+00
82                	-1.1564544384e+00	3.4036831306e-01	8.7363511367e-01	-7.1963688158e-01	1.5932719952e+00
83                	-1.1562208616e+00	3.4004160214e-01	8.7349727338e-01	-7.1947222488e-01	1.5929694983e+00
84                	-1.1559956876e+00	3.3972633429e-01	8.7336679167e-01	-7.1931229180e-01	1.5926790835e+00
85                	-1.1557772352e+00	3.3944614480e-01	8.7324111090e-01	-7.1915667973e-01	1.5923977906e+00
86                	-1.1555642385e+00	3.3917275253e-01	8.7312165996e-01	-7.1900340847e-01	1.5921250684e+00
87                	-1.1553521402e+00	3.3893132727e-01	8.7300277284e-01	-7.1885075378e-01	1.5918535266e+00
88                	-1.1551388193e+00	3.3869416360e-01	8.7288362305e-01	-7.1869700778e-01	1.5915806308e+00
89                	-1.1549271784e+00	3.3848391011e-01	8.7276458791e-01	-7.1854488442e-01	1.5913094723e+00
90                	-1.1547161584e+00	3.3827310307e-01	8.7264542795e-01	-7.1839344444e-01	1.5910388724e+00
91                	-1.1545079375e+00	3.3808590490e-01	8.7252565982e-01	-7.1824510760e-01	1.5907707674e+00
92                	-1.1543007842e+00	3.3789803005e-01	8.7240399118e-01	-7.1809878866e-01	1.5905027798e+00
93                	-1.1540992906e+00	3.3773121978e-01	8.7228158578e-01	-7.1795849774e-01	1.5902400835e+00
94                	-1.1539063786e+00	3.3756368633e-01	8.7216301335e-01	-7.1782487194e-01	1.5899878853e+00
95                	-1.1537266093e+00	3.3741778988e-01	8.7205042660e-01	-7.1770139603e-01	1.5897518226e+00
96                	-1.1535558511e+00	3.3726987022e-01	8.7194147853e-01	-7.1758511184e-01	1.5895265904e+00
97                	-1.1533971437e+00	3.3714215092e-01	8.7183706448e-01	-7.1747861148e-01	1.5893156760e+00
98                	-1.1532505292e+00	3.3701041585e-01	8.7173958285e-01	-7.1738073778e-01	1.5891203206e+00
99                	-1.1531188958e+00	3.3689906672e-01	8.7165155234e-01	-7.1729311964e-01	1.5889446720e+00
100               	-1.1529929715e+00	3.3678450660e-01	8.7156648904e-01	-7.1720972699e-01	1.5887762160e+00
101               	-1.1528730043e+00	3.3668606820e-01	8.7148431726e-01	-7.1713084566e-01	1.5886151629e+00
102               	-1.1527560522e+00	3.3657935663e-01	8.7140466742e-01	-7.1705371847e-01	1.5884583859e+00
103               	-1.1526461646e+00	3.3649173366e-01	8.7133141739e-01	-7.1698045587e-01	1.5883118733e+00
104               	-1.1525294295e+00	3.3639646956e-01	8.7125392244e-01	-7.1690246829e-01	1.5881563907e+00
105               	-1.1524133443e+00	3.3631659757e-01	8.7117721986e-01	-7.1682473437e-01	1.5880019542e+00
106               	-1.1522901355e+00	3.3622644864e-01	8.7109680684e-01	-7.1674173203e-01	1.5878385389e+00
107               	-1.1521681811e+00	3.3615488470e-01	8.7101969639e-01	-7.1665833295e-01	1.5876780293e+00
108               	-1.1520357322e+00	3.3607293599e-01	8.7093582791e-01	-7.1656781822e-01	1.5875036461e+00
109               	-1.1519005296e+00	3.3600718598e-01	8.7085065012e-01	-7.1647520458e-01	1.5873258547e+00
110               	-1.1517569778e+00	3.3593033202e-01	8.7076092309e-01	-7.1637651625e-01	1.5871374393e+00
111               	-1.1516168393e+00	3.3587090160e-01	8.7067557323e-01	-7.1627905264e-01	1.5869546259e+00
112               	-1.1514671534e+00	3.3580171589e-01	8.7058387964e-01	-7.1617521357e-01	1.5867590932e+00
113               	-1.1513169487e+00	3.3574660134e-01	8.7049194545e-01	-7.1607097601e-01	1.5865629215e+00
114               	-1.1511634923e+00	3.3568076029e-01	8.7039817646e-01	-7.1596440409e-01	1.5863625806e+00
115               	-1.1510186761e+00	3.3563203778e-01	8.7031165018e-01	-7.1586285104e-01	1.5861745012e+00
116               	-1.1508684554e+00	3.3557189232e-01	8.7022081119e-01	-7.1575804980e-01	1.5859788610e+00
117               	-1.1507241038e+00	3.3552697949e-01	8.7013326416e-01	-7.1565747172e-01	1.5857907359e+00
118               	-1.1505816839e+00	3.3547234686e-01	8.7004677028e-01	-7.1555829881e-01	1.5856050691e+00
119               	-1.1504529977e+00	3.3543179192e-01	8.6997008934e-01	-7.1546795305e-01	1.5854380424e+00
120               	-1.1503236084e+00	3.3538051632e-01	8.6989189332e-01	-7.1537766178e-01	1.5852695551e+00
121               	-1.1502036513e+00	3.3534299344e-01	8.6981901235e-01	-7.1529414515e-01	1.5851131575e+00
122               	-1.1500881694e+00	3.3529577068e-01	8.6974848196e-01	-7.1521392845e-01	1.5849624104e+00
123               	-1.1499893675e+00	3.3526412895e-01	8.6968965404e-01	-7.1514454051e-01	1.5848341945e+00
124               	-1.1498903398e+00	3.3522051805e-01	8.6962963453e-01	-7.1507552251e-01	1.5847051570e+00
125               	-1.1498006886e+00	3.3519058048e-01	8.6957482306e-01	-7.1501327703e-01	1.5845881001e+00
126               	-1.1497165839e+00	3.3515145319e-01	8.6952297060e-01	-7.1495509863e-01	1.5844780692e+00
127               	-1.1496470989e+00	3.3512551507e-01	8.6948155939e-01	-7.1490631923e-01	1.5843878786e+00
128               	-1.1495762631e+00	3.3508758744e-01	8.6943829869e-01	-7.1485711380e-01	1.5842954125e+00
129               	-1.1495137620e+00	3.3506281736e-01	8.6939973752e-01	-7.1481389325e-01	1.5842136308e+00
130               	-1.1494539005e+00	3.3502837097e-01	8.6936252024e-01	-7.1477264039e-01	1.5841351606e+00
131               	-1.1494048739e+00	3.3500891375e-01	8.6933368015e-01	-7.1473803379e-01	1.5840717139e+00
132               	-1.1493538791e+00	3.3497514508e-01	8.6930274572e-01	-7.1470250621e-01	1.5840052519e+00
133               	-1.1493082098e+00	3.3495632314e-01	8.6927493635e-01	-7.1467074159e-01	1.5839456779e+00
134               	-1.1492620930e+00	3.3492637087e-01	8.6924672830e-01	-7.1463872887e-01	1.5838854572e+00
135               	-1.1492247887e+00	3.3490874668e-01	8.6922555971e-01	-7.1461200882e-01	1.5838375685e+00
136               	-1.1491835485e+00	3.3488041300e-01	8.6920122093e-01	-7.1458293802e-01	1.5837841589e+00
137               	-1.1491452072e+00	3.3486440313e-01	8.6917855472e-01	-7.1455592987e-01	1.5837344846e+00
138               	-1.1491057191e+00	3.3483556670e-01	8.6915491990e-01	-7.1452825914e-01	1.5836831790e+00
139               	-1.1490732119e+00	3.3482190704e-01	8.6913723712e-01	-7.1450459337e-01	1.5836418305e+00
140               	-1.1490360468e+00	3.3479646387e-01	8.6911581383e-01	-7.1447813987e-01	1.5835939537e+00
141               	-1.1490014713e+00	3.3478476779e-01	8.6909602396e-01	-7.1445345930e-01	1.5835494833e+00
142               	-1.1489651839e+00	3.3476097487e-01	8.6907483312e-01	-7.1442776737e-01	1.5835026005e+00
143               	-1.1489357432e+00	3.3474899053e-01	8.6905914163e-01	-7.1440617237e-01	1.5834653140e+00
144               	-1.1489022032e+00	3.3472717642e-01	8.6904005184e-01	-7.1438217733e-01	1.5834222292e+00
145               	-1.1488718504e+00	3.3471665909e-01	8.6902272921e-01	-7.1436048575e-01	1.5833832150e+00
146               	-1.1488389582e+00	3.3469466036e-01	8.6900331707e-01	-7.1433729963e-01	1.5833406167e+00
147               	-1.1488133861e+00	3.3468606155e-01	8.6898984039e-01	-7.1431846594e-01	1.5833083063e+00
148               	-1.1487842777e+00	3.3466596612e-01	8.6897320707e-01	-7.1429767419e-01	1.5832708813e+00
149               	-1.1487572065e+00	3.3465912745e-01	8.6895780053e-01	-7.1427830625e-01	1.5832361068e+00
150               	-1.1487290989e+00	3.3464042948e-01	8.6894115920e-01	-7.1425851930e-01	1.5831996785e+00
151               	-1.1487084184e+00	3.3463505503e-01	8.6893033654e-01	-7.1424325013e-01	1.5831735867e+00
152               	-1.1486838237e+00	3.3461627904e-01	8.6891604062e-01	-7.1422580340e-01	1.5831418440e+00
153               	-1.1486628477e+00	3.3461090355e-01	8.6890397924e-01	-7.1421085812e-01	1.5831148374e+00
154               	-1.1486405907e+00	3.3459450709e-01	8.6889032805e-01	-7.1419542668e-01	1.5830857547e+00
155               	-1.1486240413e+00	3.3459053063e-01	8.6888173148e-01	-7.1418317560e-01	1.5830649071e+00
156               	-1.1486046391e+00	3.3457407300e-01	8.6887032688e-01	-7.1416947568e-01	1.5830398026e+00
157               	-1.1485869981e+00	3.3457169131e-01	8.6886028703e-01	-7.1415685458e-01	1.5830171416e+00
158               	-1.1485681298e+00	3.3455718592e-01	8.6884851941e-01	-7.1414387009e-01	1.5829923895e+00
159               	-1.1485554186e+00	3.3455418335e-01	8.6884196297e-01	-7.1413443713e-01	1.5829764001e+00
160               	-1.1485398301e+00	3.3453902743e-01	8.6883259325e-01	-7.1412353343e-01	1.5829561267e+00
161               	-1.1485264337e+00	3.3453804911e-01	8.6882488347e-01	-7.1411399199e-01	1.5829388755e+00
162               	-1.1485116806e+00	3.3452379049e-01	8.6881537159e-01	-7.1410399482e-01	1.5829193664e+00
163               	-1.1485019531e+00	3.3452330868e-01	8.6881070551e-01	-7.1409660032e-01	1.5829073058e+00
164               	-1.1484890985e+00	3.3450993668e-01	8.6880291797e-01	-7.1408763956e-01	1.5828905575e+00
165               	-1.1484790999e+00	3.3451100936e-01	8.6879730915e-01	-7.1408044535e-01	1.5828777545e+00
166               	-1.1484673644e+00	3.3449945515e-01	8.6878965871e-01	-7.1407253509e-01	1.5828621938e+00
167               	-1.1484606471e+00	3.3449874127e-01	8.6878664247e-01	-7.1406732582e-01	1.5828539683e+00
168               	-1.1484513267e+00	3.3448729081e-01	8.6878084350e-01	-7.1406090495e-01	1.5828417485e+00
169               	-1.1484439312e+00	3.3448814871e-01	8.6877670717e-01	-7.1405557762e-01	1.5828322848e+00
170               	-1.1484337341e+00	3.3447574448e-01	8.6876973328e-01	-7.1404886750e-01	1.5828186008e+00
171               	-1.1484289457e+00	3.3447736303e-01	8.6876781925e-01	-7.1404503606e-01	1.5828128553e+00
172               	-1.1484211624e+00	3.3446616478e-01	8.6876294521e-01	-7.1403968976e-01	1.5828026350e+00
173               	-1.1484149179e+00	3.3446875160e-01	8.6875972048e-01	-7.1403505764e-01	1.5827947781e+00
174               	-1.1484062761e+00	3.3445927892e-01	8.6875403790e-01	-7.1402925713e-01	1.5827832950e+00
175               	-1.1484030829e+00	3.3446102632e-01	8.6875320625e-01	-7.1402647980e-01	1.5827796860e+00
176               	-1.1483957675e+00	3.3445031995e-01	8.6874886960e-01	-7.1402133270e-01	1.5827702023e+00
177               	-1.1483909115e+00	3.3445299608e-01	8.6874662275e-01	-7.1401760010e-01	1.5827642228e+00
178               	-1.1483835991e+00	3.3444348687e-01	8.6874167374e-01	-7.1401276226e-01	1.5827544360e+00
179               	-1.1483801124e+00	3.3444683944e-01	8.6874089127e-01	-7.1400966674e-01	1.5827505580e+00
180               	-1.1483736714e+00	3.3443717822e-01	8.6873715793e-01	-7.1400509245e-01	1.5827422504e+00
181               	-1.1483696937e+00	3.3444146746e-01	8.6873564982e-01	-7.1400186881e-01	1.5827375186e+00
182               	-1.1483627689e+00	3.3443426091e-01	8.6873114304e-01	-7.1399719743e-01	1.5827283405e+00
183               	-1.1483609871e+00	3.3443825166e-01	8.6873136274e-01	-7.1399530574e-01	1.5827266685e+00
184               	-1.1483561546e+00	3.3442902581e-01	8.6872859628e-01	-7.1399185650e-01	1.5827204528e+00
185               	-1.1483521724e+00	3.3443333449e-01	8.6872700999e-01	-7.1398866743e-01	1.5827156774e+00
186               	-1.1483461328e+00	3.3442572250e-01	8.6872288372e-01	-7.1398469091e-01	1.5827075746e+00
187               	-1.1483447159e+00	3.3442948839e-01	8.6872327613e-01	-7.1398307781e-01	1.5827063539e+00
188               	-1.1483389963e+00	3.3441985148e-01	8.6871994799e-01	-7.1397902226e-01	1.5826989702e+00
189               	-1.1483360307e+00	3.3442630629e-01	8.6871895311e-01	-7.1397655418e-01	1.5826955073e+00
190               	-1.1483305070e+00	3.3441917959e-01	8.6871515669e-01	-7.1397292865e-01	1.5826880853e+00
191               	-1.1483286728e+00	3.3442240541e-01	8.6871531061e-01	-7.1397101750e-01	1.5826863281e+00
192               	-1.1483240948e+00	3.3441441258e-01	8.6871269266e-01	-7.1396774843e-01	1.5826804411e+00
193               	-1.1483217081e+00	3.3441969500e-01	8.6871211445e-01	-7.1396565088e-01	1.5826777653e+00
194               	-1.1483159839e+00	3.3441158492e-01	8.6870826670e-01	-7.1396185050e-01	1.5826701172e+00
195               	-1.1483151738e+00	3.3441622238e-01	8.6870916406e-01	-7.1396059173e-01	1.5826697558e+00
196               	-1.1483110047e+00	3.3440847379e-01	8.6870694721e-01	-7.1395753107e-01	1.5826644783e+00
197               	-1.1483083505e+00	3.3441391311e-01	8.6870626191e-01	-7.1395521955e-01	1.5826614815e+00
198               	-1.1483035317e+00	3.3440778551e-01	8.6870296461e-01	-7.1395204942e-01	1.5826550140e+00
199               	-1.1483033693e+00	3.3441217306e-01	8.6870409348e-01	-7.1395132260e-01	1.5826554161e+00
200               	-1.1482992139e+00	3.3440423520e-01	8.6870168798e-01	-7.1394836995e-01	1.5826500579e+00
