# Force coefficients
# liftDir         : (0.0000000000e+00 0.0000000000e+00 1.0000000000e+00)
# dragDir         : (1.0000000000e+00 0.0000000000e+00 0.0000000000e+00)
# pitchAxis       : (0.0000000000e+00 1.0000000000e+00 0.0000000000e+00)
# magUInf         : 5.0000000000e+00
# lRef            : 1.0000000000e+01
# Aref            : 1.0000000000e+01
# CofR            : (0.0000000000e+00 0.0000000000e+00 0.0000000000e+00)
# Time            	Cm                	Cd                	Cl                	Cl(f)             	Cl(r)             
0                 	-2.3015749123e-03	3.2808318772e-01	4.2399600962e-04	-2.0895769075e-03	2.5135729171e-03
1                 	-2.3680794160e+00	5.9578014956e+00	1.5873676489e+00	-1.5743955916e+00	3.1617632405e+00
2                 	-3.5561513877e+00	8.3015874222e+00	2.4057067431e+00	-2.3532980161e+00	4.7590047592e+00
3                 	-3.6889989764e+00	7.9415509096e+00	2.5174608326e+00	-2.4302685601e+00	4.9477293927e+00
4                 	-3.1953120655e+00	5.8231014392e+00	2.2082506007e+00	-2.0911867651e+00	4.2994373659e+00
5                 	-2.4120043549e+00	3.0680492371e+00	1.6996044986e+00	-1.5622021056e+00	3.2618066042e+00
6                 	-1.6345859843e+00	5.8251807856e-01	1.1919195274e+00	-1.0386262206e+00	2.2305457480e+00
7                 	-1.0468306417e+00	-1.0921350671e+00	8.1060971033e-01	-6.4152578650e-01	1.4521354968e+00
8                 	-6.9706121114e-01	-1.8022158500e+00	5.8859275866e-01	-4.0276483181e-01	9.9135759047e-01
9                 	-5.8257668642e-01	-1.6864325118e+00	5.2098089228e-01	-3.2208624028e-01	8.4306713256e-01
10                	-6.0659700059e-01	-1.0345567722e+00	5.4237103917e-01	-3.3541148101e-01	8.7778252017e-01
11                	-7.3608106409e-01	-1.8952619565e-01	6.2942393820e-01	-4.2136909499e-01	1.0507930332e+00
12                	-8.9500580870e-01	5.7001834698e-01	7.3175146148e-01	-5.2913007796e-01	1.2608815394e+00
13                	-1.0411774511e+00	1.0832865040e+00	8.2126070056e-01	-6.3054710082e-01	1.4518078014e+00
14                	-1.1506316246e+00	1.3004418767e+00	8.8300412033e-01	-7.0912956443e-01	1.5921336848e+00
15                	-1.2037938055e+00	1.2731242073e+00	9.0794743343e-01	-7.4982008875e-01	1.6577675222e+00
16                	-1.2255590107e+00	1.0808934814e+00	9.1597006027e-01	-7.6757398055e-01	1.6835440408e+00
17                	-1.2247220719e+00	8.2087409833e-01	9.1244463151e-01	-7.6849975615e-01	1.6809443877e+00
18                	-1.2073826715e+00	5.7722552307e-01	9.0157244423e-01	-7.5659644942e-01	1.6581688937e+00
19                	-1.1797011275e+00	4.0206336706e-01	8.8717964808e-01	-7.3611130343e-01	1.6232909515e+00
20                	-1.1505331065e+00	3.1390533762e-01	8.7430882383e-01	-7.1337869460e-01	1.5876875184e+00
21                	-1.1291735456e+00	2.9944814835e-01	8.6687352738e-01	-6.9573678190e-01	1.5626103093e+00
22                	-1.1140701929e+00	3.3744219005e-01	8.6232473640e-01	-6.8290782469e-01	1.5452325611e+00
23                	-1.1016075651e+00	4.0243644197e-01	8.5790998816e-01	-6.7265257101e-01	1.5305625592e+00
24                	-1.0950233822e+00	4.6820146682e-01	8.5566901826e-01	-6.6718887308e-01	1.5228578913e+00
25                	-1.0927806435e+00	5.1841059542e-01	8.5442732499e-01	-6.6556698098e-01	1.5199943060e+00
26                	-1.0936124624e+00	5.4572088917e-01	8.5359809955e-01	-6.6681341258e-01	1.5204115121e+00
27                	-1.0963935326e+00	5.5069990396e-01	8.5326339457e-01	-6.6976183526e-01	1.5230252298e+00
28                	-1.0998088363e+00	5.3889473583e-01	8.5325214188e-01	-6.7318276536e-01	1.5264349072e+00
29                	-1.1058992566e+00	5.1668514691e-01	8.5541476326e-01	-6.7819187493e-01	1.5336066382e+00
30                	-1.1150500976e+00	4.9085190710e-01	8.5984639593e-01	-6.8512689961e-01	1.5449732955e+00
31                	-1.1244275511e+00	4.6773212622e-01	8.6504862537e-01	-6.9190323842e-01	1.5569518638e+00
32                	-1.1330220254e+00	4.5044419243e-01	8.7033437991e-01	-6.9785483547e-01	1.5681892154e+00
33                	-1.1399394085e+00	4.4017033831e-01	8.7505729337e-01	-7.0241076185e-01	1.5774680552e+00
34                	-1.1457764588e+00	4.3601473593e-01	8.7916058315e-01	-7.0619616727e-01	1.5853567504e+00
35                	-1.1505588058e+00	4.3630455854e-01	8.8302285554e-01	-7.0904737801e-01	1.5920702335e+00
36                	-1.1538243636e+00	4.3821206582e-01	8.8566013023e-01	-7.1099429846e-01	1.5966544287e+00
37                	-1.1557224207e+00	4.4019799835e-01	8.8714918246e-01	-7.1214782949e-01	1.5992970120e+00
38                	-1.1566373107e+00	4.4112349787e-01	8.8778324936e-01	-7.1274568602e-01	1.6005289354e+00
39                	-1.1568724966e+00	4.4058968676e-01	8.8781344251e-01	-7.1296577535e-01	1.6007792179e+00
40                	-1.1564635079e+00	4.3860336325e-01	8.8731537340e-01	-7.1280582124e-01	1.6001211946e+00
41                	-1.1556480245e+00	4.3498547116e-01	8.8648742983e-01	-7.1240430954e-01	1.5988917394e+00
42                	-1.1552036660e+00	4.3027216408e-01	8.8594056094e-01	-7.1223338552e-01	1.5981739465e+00
43                	-1.1555144017e+00	4.2531959659e-01	8.8597403293e-01	-7.1252738527e-01	1.5985014182e+00
44                	-1.1565066942e+00	4.2070248270e-01	8.8654750406e-01	-7.1323294221e-01	1.5997804463e+00
45                	-1.1579600164e+00	4.1675331929e-01	8.8749549188e-01	-7.1421227044e-01	1.6017077623e+00
46                	-1.1595826883e+00	4.1355166113e-01	8.8858563368e-01	-7.1528987145e-01	1.6038755051e+00
47                	-1.1611093918e+00	4.1105407866e-01	8.8959171254e-01	-7.1631353548e-01	1.6059052480e+00
48                	-1.1623749279e+00	4.0895645204e-01	8.9040002612e-01	-7.1717491485e-01	1.6075749410e+00
49                	-1.1633452561e+00	4.0706782482e-01	8.9098986345e-01	-7.1785032437e-01	1.6088401878e+00
50                	-1.1640248274e+00	4.0523778369e-01	8.9137129619e-01	-7.1833917926e-01	1.6097104755e+00
51                	-1.1644832509e+00	4.0344527094e-01	8.9158960127e-01	-7.1868845022e-01	1.6102780515e+00
52                	-1.1647786856e+00	4.0166742750e-01	8.9169241732e-01	-7.1893247692e-01	1.6106248942e+00
53                	-1.1649725240e+00	3.9994322415e-01	8.9173076372e-01	-7.1910714218e-01	1.6108379059e+00
54                	-1.1650864935e+00	3.9824625360e-01	8.9173525904e-01	-7.1921886402e-01	1.6109541231e+00
55                	-1.1651523207e+00	3.9661322386e-01	8.9173399305e-01	-7.1928532418e-01	1.6110193172e+00
56                	-1.1651617606e+00	3.9503200591e-01	8.9172836639e-01	-7.1929757737e-01	1.6110259438e+00
57                	-1.1651298608e+00	3.9353966989e-01	8.9172112171e-01	-7.1926929997e-01	1.6109904217e+00
58                	-1.1650490001e+00	3.9211558879e-01	8.9170046049e-01	-7.1919876989e-01	1.6108992304e+00
59                	-1.1649332958e+00	3.9078994227e-01	8.9166199607e-01	-7.1910229773e-01	1.6107642938e+00
60                	-1.1647800629e+00	3.8953928502e-01	8.9159752514e-01	-7.1898130030e-01	1.6105788254e+00
61                	-1.1646118664e+00	3.8838522874e-01	8.9151222573e-01	-7.1885575353e-01	1.6103679793e+00
62                	-1.1644273585e+00	3.8729406955e-01	8.9140532736e-01	-7.1872469477e-01	1.6101300221e+00
63                	-1.1642487355e+00	3.8627387473e-01	8.9128818765e-01	-7.1860464172e-01	1.6098928294e+00
64                	-1.1640704414e+00	3.8530073126e-01	8.9116402006e-01	-7.1848843133e-01	1.6096524514e+00
65                	-1.1639041352e+00	3.8439009398e-01	8.9104098216e-01	-7.1838364414e-01	1.6094246263e+00
66                	-1.1637357909e+00	3.8351671667e-01	8.9091651028e-01	-7.1827753576e-01	1.6091940460e+00
67                	-1.1635704648e+00	3.8270102086e-01	8.9079436682e-01	-7.1817328143e-01	1.6089676482e+00
68                	-1.1633904071e+00	3.8192478734e-01	8.9067036469e-01	-7.1805522473e-01	1.6087255894e+00
69                	-1.1631940370e+00	3.8120533070e-01	8.9054025747e-01	-7.1792390824e-01	1.6084641657e+00
70                	-1.1629666609e+00	3.8051536947e-01	8.9039841566e-01	-7.1776745303e-01	1.6081658687e+00
71                	-1.1627174591e+00	3.7987972469e-01	8.9024769821e-01	-7.1759361004e-01	1.6078413083e+00
72                	-1.1624353146e+00	3.7926711355e-01	8.9008090716e-01	-7.1739486101e-01	1.6074757682e+00
73                	-1.1621329459e+00	3.7869945147e-01	8.8990165536e-01	-7.1718211818e-01	1.6070837735e+00
74                	-1.1618102218e+00	3.7814969613e-01	8.8971206301e-01	-7.1695419028e-01	1.6066662533e+00
75                	-1.1614828431e+00	3.7764059412e-01	8.8951640692e-01	-7.1672463962e-01	1.6062410465e+00
76                	-1.1611545133e+00	3.7714375966e-01	8.8931961673e-01	-7.1649470493e-01	1.6058143217e+00
77                	-1.1608400868e+00	3.7668441362e-01	8.8912655408e-01	-7.1627680980e-01	1.6054033639e+00
78                	-1.1605412628e+00	3.7623716727e-01	8.8894046191e-01	-7.1607103187e-01	1.6050114938e+00
79                	-1.1602732311e+00	3.7582653016e-01	8.8876977708e-01	-7.1588834253e-01	1.6046581196e+00
80                	-1.1600271469e+00	3.7543022361e-01	8.8861156398e-01	-7.1572136494e-01	1.6043329289e+00
81                	-1.1598097770e+00	3.7506855451e-01	8.8846824796e-01	-7.1557565305e-01	1.6040439010e+00
82                	-1.1596138268e+00	3.7471358474e-01	8.8833949967e-01	-7.1544407696e-01	1.6037835766e+00
83                	-1.1594391234e+00	3.7439587945e-01	8.8822314052e-01	-7.1532755317e-01	1.6035506937e+00
84                	-1.1592762818e+00	3.7408831589e-01	8.8811646318e-01	-7.1521805023e-01	1.6033345134e+00
85                	-1.1591280638e+00	3.7381548477e-01	8.8802010073e-01	-7.1511801339e-01	1.6031381141e+00
86                	-1.1589835418e+00	3.7355113903e-01	8.8792984251e-01	-7.1501862059e-01	1.6029484631e+00
87                	-1.1588433557e+00	3.7331775012e-01	8.8784334897e-01	-7.1492168121e-01	1.6027650302e+00
88                	-1.1587000264e+00	3.7309044763e-01	8.8775845042e-01	-7.1482080115e-01	1.6025792516e+00
89                	-1.1585554653e+00	3.7289050376e-01	8.8767282306e-01	-7.1471905379e-01	1.6023918768e+00
90                	-1.1584050797e+00	3.7268799776e-01	8.8758483415e-01	-7.1461266264e-01	1.6021974968e+00
91                	-1.1582580806e+00	3.7250878704e-01	8.8749765294e-01	-7.1450925413e-01	1.6020069071e+00
92                	-1.1581083180e+00	3.7233065567e-01	8.8740819278e-01	-7.1440422164e-01	1.6018124144e+00
93                	-1.1579648537e+00	3.7217193883e-01	8.8731855324e-01	-7.1430557712e-01	1.6016241304e+00
94                	-1.1578288448e+00	3.7201271345e-01	8.8723286263e-01	-7.1421241350e-01	1.6014452761e+00
95                	-1.1577066748e+00	3.7187554100e-01	8.8715227390e-01	-7.1413053782e-01	1.6012828117e+00
96                	-1.1575971680e+00	3.7173429136e-01	8.8707840163e-01	-7.1405796722e-01	1.6011363689e+00
97                	-1.1575049306e+00	3.7161616523e-01	8.8701164699e-01	-7.1399910710e-01	1.6010107541e+00
98                	-1.1574248523e+00	3.7149071002e-01	8.8695141706e-01	-7.1394914380e-01	1.6009005609e+00
99                	-1.1573633985e+00	3.7138549975e-01	8.8690125479e-01	-7.1391277112e-01	1.6008140259e+00
100               	-1.1573120836e+00	3.7127395078e-01	8.8685784706e-01	-7.1388316008e-01	1.6007410071e+00
101               	-1.1572713200e+00	3.7118081803e-01	8.8681924230e-01	-7.1386169889e-01	1.6006809412e+00
102               	-1.1572351741e+00	3.7108062355e-01	8.8678587944e-01	-7.1384223436e-01	1.6006281138e+00
103               	-1.1572016171e+00	3.7099626805e-01	8.8675307131e-01	-7.1382508142e-01	1.6005781527e+00
104               	-1.1571610374e+00	3.7090356550e-01	8.8671716951e-01	-7.1380245265e-01	1.6005196222e+00
105               	-1.1571185743e+00	3.7082838604e-01	8.8668070730e-01	-7.1377822064e-01	1.6004589279e+00
106               	-1.1570690491e+00	3.7074066021e-01	8.8664289111e-01	-7.1374760352e-01	1.6003904946e+00
107               	-1.1570104929e+00	3.7067204901e-01	8.8659916405e-01	-7.1371091091e-01	1.6003100750e+00
108               	-1.1569382593e+00	3.7059405353e-01	8.8654864429e-01	-7.1366393717e-01	1.6002125815e+00
109               	-1.1568615286e+00	3.7052956897e-01	8.8649553149e-01	-7.1361376284e-01	1.6001092943e+00
110               	-1.1567732773e+00	3.7045481489e-01	8.8643795334e-01	-7.1355430060e-01	1.5999922539e+00
111               	-1.1566799399e+00	3.7039944917e-01	8.8637726280e-01	-7.1349130845e-01	1.5998685713e+00
112               	-1.1565753600e+00	3.7033242158e-01	8.8631065313e-01	-7.1342003342e-01	1.5997306865e+00
113               	-1.1564662201e+00	3.7027853303e-01	8.8623967015e-01	-7.1334638503e-01	1.5995860552e+00
114               	-1.1563521771e+00	3.7021504755e-01	8.8616800315e-01	-7.1326817556e-01	1.5994361787e+00
115               	-1.1562398981e+00	3.7016809860e-01	8.8609666693e-01	-7.1319156464e-01	1.5992882316e+00
116               	-1.1561271685e+00	3.7011122389e-01	8.8602707071e-01	-7.1311363316e-01	1.5991407039e+00
117               	-1.1560153245e+00	3.7006986159e-01	8.8595610637e-01	-7.1303727134e-01	1.5989933777e+00
118               	-1.1559000018e+00	3.7001314021e-01	8.8588323652e-01	-7.1295838353e-01	1.5988416201e+00
119               	-1.1557929011e+00	3.6997548068e-01	8.8581461425e-01	-7.1288559393e-01	1.5987002082e+00
120               	-1.1556931865e+00	3.6992817355e-01	8.8575347995e-01	-7.1281644651e-01	1.5985699265e+00
121               	-1.1555978166e+00	3.6989425211e-01	8.8569293288e-01	-7.1275135016e-01	1.5984442830e+00
122               	-1.1554999172e+00	3.6984547736e-01	8.8563089625e-01	-7.1268446903e-01	1.5983153653e+00
123               	-1.1554134267e+00	3.6981646879e-01	8.8557492398e-01	-7.1262596470e-01	1.5982008887e+00
124               	-1.1553355535e+00	3.6977316847e-01	8.8552687551e-01	-7.1257211577e-01	1.5980989913e+00
125               	-1.1552628350e+00	3.6974664774e-01	8.8548033187e-01	-7.1252266903e-01	1.5980030009e+00
126               	-1.1551887140e+00	3.6970513228e-01	8.8543342315e-01	-7.1247200245e-01	1.5979054256e+00
127               	-1.1551259105e+00	3.6968036764e-01	8.8539246508e-01	-7.1242967792e-01	1.5978221430e+00
128               	-1.1550691777e+00	3.6964334778e-01	8.8535810340e-01	-7.1239012597e-01	1.5977482294e+00
129               	-1.1550162731e+00	3.6962280378e-01	8.8532462193e-01	-7.1235396213e-01	1.5976785841e+00
130               	-1.1549615746e+00	3.6958564130e-01	8.8529044556e-01	-7.1231635185e-01	1.5976067974e+00
131               	-1.1549146687e+00	3.6956524766e-01	8.8526022463e-01	-7.1228455639e-01	1.5975447810e+00
132               	-1.1548719808e+00	3.6953396073e-01	8.8523551717e-01	-7.1225422221e-01	1.5974897394e+00
133               	-1.1548324483e+00	3.6951492738e-01	8.8521102313e-01	-7.1222693677e-01	1.5974379599e+00
134               	-1.1547881033e+00	3.6948203594e-01	8.8518408588e-01	-7.1219606033e-01	1.5973801462e+00
135               	-1.1547497313e+00	3.6946626885e-01	8.8515983272e-01	-7.1216981492e-01	1.5973296476e+00
136               	-1.1547139754e+00	3.6943653214e-01	8.8513976807e-01	-7.1214409140e-01	1.5972838595e+00
137               	-1.1546802639e+00	3.6942134420e-01	8.8511926644e-01	-7.1212063070e-01	1.5972398971e+00
138               	-1.1546417961e+00	3.6939320130e-01	8.8509666593e-01	-7.1209346318e-01	1.5971901291e+00
139               	-1.1546095219e+00	3.6938117225e-01	8.8507648328e-01	-7.1207128024e-01	1.5971477635e+00
140               	-1.1545776151e+00	3.6935462492e-01	8.8505923023e-01	-7.1204799998e-01	1.5971072302e+00
141               	-1.1545483169e+00	3.6934412502e-01	8.8504186625e-01	-7.1202738376e-01	1.5970692500e+00
142               	-1.1545155862e+00	3.6931598070e-01	8.8502300749e-01	-7.1200408246e-01	1.5970270900e+00
143               	-1.1544877592e+00	3.6930709308e-01	8.8500580044e-01	-7.1198485901e-01	1.5969906595e+00
144               	-1.1544606689e+00	3.6928487536e-01	8.8499170133e-01	-7.1196481822e-01	1.5969565196e+00
145               	-1.1544373575e+00	3.6927544808e-01	8.8497789985e-01	-7.1194840758e-01	1.5969263074e+00
146               	-1.1544092211e+00	3.6925207662e-01	8.8496181203e-01	-7.1192831511e-01	1.5968901271e+00
147               	-1.1543859555e+00	3.6924503948e-01	8.8494714422e-01	-7.1191238334e-01	1.5968595276e+00
148               	-1.1543637981e+00	3.6922372816e-01	8.8493565149e-01	-7.1189597236e-01	1.5968316239e+00
149               	-1.1543446060e+00	3.6921782577e-01	8.8492408574e-01	-7.1188256309e-01	1.5968066488e+00
150               	-1.1543212813e+00	3.6919611461e-01	8.8491077827e-01	-7.1186589221e-01	1.5967766705e+00
151               	-1.1543035531e+00	3.6919186139e-01	8.8489922316e-01	-7.1185394154e-01	1.5967531647e+00
152               	-1.1542855788e+00	3.6917426385e-01	8.8489020254e-01	-7.1184047756e-01	1.5967306801e+00
153               	-1.1542711485e+00	3.6917012160e-01	8.8488123374e-01	-7.1183053165e-01	1.5967117654e+00
154               	-1.1542530107e+00	3.6915129997e-01	8.8487104402e-01	-7.1181748867e-01	1.5966885327e+00
155               	-1.1542397717e+00	3.6914916043e-01	8.8486194043e-01	-7.1180880150e-01	1.5966707419e+00
156               	-1.1542257130e+00	3.6913273533e-01	8.8485510371e-01	-7.1179816116e-01	1.5966532649e+00
157               	-1.1542161306e+00	3.6913090144e-01	8.8484894064e-01	-7.1179166030e-01	1.5966406009e+00
158               	-1.1542014133e+00	3.6911317604e-01	8.8484070245e-01	-7.1178106210e-01	1.5966217645e+00
159               	-1.1541914865e+00	3.6911297791e-01	8.8483338192e-01	-7.1177479554e-01	1.5966081775e+00
160               	-1.1541798617e+00	3.6909869186e-01	8.8482796020e-01	-7.1176588157e-01	1.5965938418e+00
161               	-1.1541725370e+00	3.6909748619e-01	8.8482283431e-01	-7.1176111987e-01	1.5965839542e+00
162               	-1.1541593346e+00	3.6908283531e-01	8.8481568193e-01	-7.1175149368e-01	1.5965671756e+00
163               	-1.1541521390e+00	3.6908337598e-01	8.8480984833e-01	-7.1174721479e-01	1.5965570631e+00
164               	-1.1541428588e+00	3.6907012438e-01	8.8480571723e-01	-7.1174000021e-01	1.5965457174e+00
165               	-1.1541379511e+00	3.6907175246e-01	8.8480212847e-01	-7.1173688687e-01	1.5965390153e+00
166               	-1.1541284645e+00	3.6905681661e-01	8.8479710372e-01	-7.1172991262e-01	1.5965270163e+00
167               	-1.1541231940e+00	3.6905920676e-01	8.8479245711e-01	-7.1172696545e-01	1.5965194226e+00
168               	-1.1541156096e+00	3.6904786591e-01	8.8478941667e-01	-7.1172090128e-01	1.5965103180e+00
169               	-1.1541126086e+00	3.6904870947e-01	8.8478684827e-01	-7.1171918446e-01	1.5965060327e+00
170               	-1.1541038052e+00	3.6903614008e-01	8.8478234831e-01	-7.1171263107e-01	1.5964949794e+00
171               	-1.1540990602e+00	3.6903908222e-01	8.8477792725e-01	-7.1171009654e-01	1.5964880238e+00
172               	-1.1540927522e+00	3.6902700178e-01	8.8477546004e-01	-7.1170502217e-01	1.5964804822e+00
173               	-1.1540899568e+00	3.6902996542e-01	8.8477311713e-01	-7.1170339824e-01	1.5964765154e+00
174               	-1.1540820208e+00	3.6901770458e-01	8.8476929501e-01	-7.1169737329e-01	1.5964666683e+00
175               	-1.1540786059e+00	3.6902156797e-01	8.8476587862e-01	-7.1169566654e-01	1.5964615452e+00
176               	-1.1540728517e+00	3.6901180615e-01	8.8476400357e-01	-7.1169084989e-01	1.5964548535e+00
177               	-1.1540706997e+00	3.6901502039e-01	8.8476232190e-01	-7.1168953877e-01	1.5964518607e+00
178               	-1.1540640694e+00	3.6900381336e-01	8.8475953683e-01	-7.1168430100e-01	1.5964438378e+00
179               	-1.1540608233e+00	3.6900843898e-01	8.8475626851e-01	-7.1168268906e-01	1.5964389576e+00
180               	-1.1540551471e+00	3.6899893563e-01	8.8475435263e-01	-7.1167797076e-01	1.5964323234e+00
181               	-1.1540537207e+00	3.6900322098e-01	8.8475305859e-01	-7.1167719136e-01	1.5964302500e+00
182               	-1.1540473951e+00	3.6899222806e-01	8.8475035723e-01	-7.1167221644e-01	1.5964225737e+00
183               	-1.1540445978e+00	3.6899846542e-01	8.8474747535e-01	-7.1167086010e-01	1.5964183354e+00
184               	-1.1540404623e+00	3.6898967127e-01	8.8474661576e-01	-7.1166715447e-01	1.5964137702e+00
185               	-1.1540397495e+00	3.6899383157e-01	8.8474582017e-01	-7.1166683943e-01	1.5964126596e+00
186               	-1.1540338508e+00	3.6898498534e-01	8.8474360178e-01	-7.1166204991e-01	1.5964056517e+00
187               	-1.1540321753e+00	3.6899050634e-01	8.8474139765e-01	-7.1166147647e-01	1.5964028741e+00
188               	-1.1540281430e+00	3.6898149643e-01	8.8474060547e-01	-7.1165784026e-01	1.5963984457e+00
189               	-1.1540272922e+00	3.6898728248e-01	8.8473994569e-01	-7.1165731935e-01	1.5963972650e+00
190               	-1.1540223200e+00	3.6897679648e-01	8.8473820496e-01	-7.1165321751e-01	1.5963914225e+00
191               	-1.1540202937e+00	3.6898328873e-01	8.8473585686e-01	-7.1165236531e-01	1.5963882222e+00
192               	-1.1540161019e+00	3.6897568263e-01	8.8473501800e-01	-7.1164859286e-01	1.5963836109e+00
193               	-1.1540161789e+00	3.6897979297e-01	8.8473470475e-01	-7.1164882655e-01	1.5963835313e+00
194               	-1.1540111401e+00	3.6897061045e-01	8.8473301615e-01	-7.1164463206e-01	1.5963776482e+00
195               	-1.1540093894e+00	3.6897757544e-01	8.8473084987e-01	-7.1164396450e-01	1.5963748144e+00
196               	-1.1540064824e+00	3.6896954562e-01	8.8473063014e-01	-7.1164116737e-01	1.5963717975e+00
197               	-1.1540064065e+00	3.6897532126e-01	8.8473045628e-01	-7.1164117840e-01	1.5963716347e+00
198               	-1.1540017085e+00	3.6896614093e-01	8.8472894389e-01	-7.1163723655e-01	1.5963661804e+00
199               	-1.1540009261e+00	3.6897286688e-01	8.8472737139e-01	-7.1163724041e-01	1.5963646118e+00
200               	-1.1539980712e+00	3.6896539165e-01	8.8472728336e-01	-7.1163442956e-01	1.5963617129e+00
