# Force coefficients
# liftDir         : (0.0000000000e+00 0.0000000000e+00 1.0000000000e+00)
# dragDir         : (1.0000000000e+00 0.0000000000e+00 0.0000000000e+00)
# pitchAxis       : (0.0000000000e+00 1.0000000000e+00 0.0000000000e+00)
# magUInf         : 5.0000000000e+00
# lRef            : 1.0000000000e+01
# Aref            : 1.0000000000e+01
# CofR            : (0.0000000000e+00 0.0000000000e+00 0.0000000000e+00)
# Time            	Cm                	Cd                	Cl                	Cl(f)             	Cl(r)             
0                 	-4.4273193080e-03	3.2824972241e-01	8.2232663355e-04	-4.0161559913e-03	4.8384826248e-03
1                 	-4.3499549972e+00	5.9887105490e+00	2.8429813511e+00	-2.9284643216e+00	5.7714456727e+00
2                 	-6.5443093803e+00	8.3521736389e+00	4.3204223500e+00	-4.3840982053e+00	8.7045205553e+00
3                 	-6.8729851283e+00	7.9960774217e+00	4.5973277880e+00	-4.5743212342e+00	9.1716490223e+00
4                 	-6.0380580603e+00	5.8699278387e+00	4.1148717852e+00	-3.9806221677e+00	8.0954939529e+00
5                 	-4.6559921384e+00	3.1038379388e+00	3.2628908170e+00	-3.0245467299e+00	6.2874375470e+00
6                 	-3.2453982682e+00	6.0833358316e-01	2.3768189111e+00	-2.0569888127e+00	4.4338077238e+00
7                 	-2.1404906662e+00	-1.0736485299e+00	1.6769919545e+00	-1.3019946889e+00	2.9789866434e+00
8                 	-1.4469580070e+00	-1.7892803531e+00	1.2330711121e+00	-8.3042245098e-01	2.0634935630e+00
9                 	-1.1666752965e+00	-1.6760958861e+00	1.0460951166e+00	-6.4362773815e-01	1.6897228548e+00
10                	-1.1931408747e+00	-1.0253939773e+00	1.0538690301e+00	-6.6620635967e-01	1.7200753898e+00
11                	-1.4166091077e+00	-1.8323662544e-01	1.1875972636e+00	-8.2281047588e-01	2.0104077394e+00
12                	-1.7180085655e+00	5.7632074371e-01	1.3696465377e+00	-1.0331852966e+00	2.4028318343e+00
13                	-2.0113493835e+00	1.0913599852e+00	1.5453836029e+00	-1.2386575820e+00	2.7840411849e+00
14                	-2.2413033707e+00	1.3110804233e+00	1.6801445688e+00	-1.4012310863e+00	3.0813756551e+00
15                	-2.3808371093e+00	1.2859397784e+00	1.7620504419e+00	-1.4998118884e+00	3.2618623303e+00
16                	-2.4453853743e+00	1.0957731915e+00	1.8013489486e+00	-1.5447109000e+00	3.3460598486e+00
17                	-2.4449855407e+00	8.3747261307e-01	1.8022069589e+00	-1.5438820612e+00	3.3460890201e+00
18                	-2.4003536092e+00	5.9449300695e-01	1.7775567483e+00	-1.5115752350e+00	3.2891319833e+00
19                	-2.3340333088e+00	4.1951560449e-01	1.7417131565e+00	-1.4631767305e+00	3.2048898870e+00
20                	-2.2650252090e+00	3.3146578558e-01	1.7059304309e+00	-1.4120599935e+00	3.1179904245e+00
21                	-2.2099881299e+00	3.1643156734e-01	1.6782439450e+00	-1.3708661574e+00	3.0491101024e+00
22                	-2.1702335410e+00	3.5406347083e-01	1.6579248175e+00	-1.3412711322e+00	2.9991959497e+00
23                	-2.1471215953e+00	4.1875308209e-01	1.6468168795e+00	-1.3237131556e+00	2.9705300351e+00
24                	-2.1395395788e+00	4.8445571507e-01	1.6436666799e+00	-1.3177062388e+00	2.9613729187e+00
25                	-2.1432341232e+00	5.3460470984e-01	1.6458189054e+00	-1.3203246705e+00	2.9661435760e+00
26                	-2.1539923904e+00	5.6150596699e-01	1.6508588337e+00	-1.3285629736e+00	2.9794218073e+00
27                	-2.1653334131e+00	5.6608049602e-01	1.6554238379e+00	-1.3376214941e+00	2.9930453321e+00
28                	-2.1791070448e+00	5.5441116270e-01	1.6622720576e+00	-1.3479710160e+00	3.0102430736e+00
29                	-2.1924801505e+00	5.3250693419e-01	1.6694170574e+00	-1.3577716218e+00	3.0271886792e+00
30                	-2.2045715555e+00	5.0679017959e-01	1.6758093420e+00	-1.3666668845e+00	3.0424762265e+00
31                	-2.2148827806e+00	4.8370392005e-01	1.6816432968e+00	-1.3740611322e+00	3.0557044290e+00
32                	-2.2224074909e+00	4.6663001984e-01	1.6866077856e+00	-1.3791035981e+00	3.0657113837e+00
33                	-2.2298030397e+00	4.5602462289e-01	1.6913296138e+00	-1.3841382328e+00	3.0754678466e+00
34                	-2.2362732371e+00	4.5217343009e-01	1.6960558848e+00	-1.3882452947e+00	3.0843011795e+00
35                	-2.2417369509e+00	4.5184212026e-01	1.7000194936e+00	-1.3917272041e+00	3.0917466977e+00
36                	-2.2460102156e+00	4.5327085540e-01	1.7030623450e+00	-1.3944790431e+00	3.0975413881e+00
37                	-2.2492639606e+00	4.5499824297e-01	1.7053454160e+00	-1.3965912526e+00	3.1019366686e+00
38                	-2.2515639433e+00	4.5582182682e-01	1.7069702158e+00	-1.3980788354e+00	3.1050490512e+00
39                	-2.2530027797e+00	4.5530996611e-01	1.7079698110e+00	-1.3990178742e+00	3.1069876852e+00
40                	-2.2538145167e+00	4.5352921299e-01	1.7085783947e+00	-1.3995253193e+00	3.1081037140e+00
41                	-2.2543636771e+00	4.5022872812e-01	1.7090788087e+00	-1.3998242727e+00	3.1089030815e+00
42                	-2.2550924554e+00	4.4568530480e-01	1.7097662031e+00	-1.4002093539e+00	3.1099755570e+00
43                	-2.2559589375e+00	4.4074601840e-01	1.7105766456e+00	-1.4006706148e+00	3.1112472603e+00
44                	-2.2568030856e+00	4.3603779808e-01	1.7113720163e+00	-1.4011170774e+00	3.1124890938e+00
45                	-2.2576796000e+00	4.3197127249e-01	1.7121645460e+00	-1.4015973270e+00	3.1137618730e+00
46                	-2.2586306238e+00	4.2867196410e-01	1.7129625668e+00	-1.4021493404e+00	3.1151119072e+00
47                	-2.2596101339e+00	4.2613137643e-01	1.7136994151e+00	-1.4027604263e+00	3.1164598415e+00
48                	-2.2605710833e+00	4.2402177480e-01	1.7143631909e+00	-1.4033894879e+00	3.1177526788e+00
49                	-2.2615301852e+00	4.2216479476e-01	1.7149837907e+00	-1.4040382898e+00	3.1190220806e+00
50                	-2.2624697348e+00	4.2039466407e-01	1.7155698740e+00	-1.4046847978e+00	3.1202546718e+00
51                	-2.2633979734e+00	4.1866929341e-01	1.7161337609e+00	-1.4053310929e+00	3.1214648539e+00
52                	-2.2642932805e+00	4.1692606455e-01	1.7166796281e+00	-1.4059534665e+00	3.1226330946e+00
53                	-2.2651377609e+00	4.1520417963e-01	1.7172003471e+00	-1.4065375873e+00	3.1237379344e+00
54                	-2.2658804013e+00	4.1348879027e-01	1.7176811531e+00	-1.4070398247e+00	3.1247209779e+00
55                	-2.2665000022e+00	4.1183116284e-01	1.7181142104e+00	-1.4074428970e+00	3.1255571074e+00
56                	-2.2669430077e+00	4.1022383545e-01	1.7184696799e+00	-1.4077081678e+00	3.1261778476e+00
57                	-2.2672101408e+00	4.0870824452e-01	1.7187373039e+00	-1.4078414888e+00	3.1265787928e+00
58                	-2.2672971861e+00	4.0726230036e-01	1.7189126502e+00	-1.4078408610e+00	3.1267535112e+00
59                	-2.2672360538e+00	4.0591895844e-01	1.7189967801e+00	-1.4077376637e+00	3.1267344438e+00
60                	-2.2670453034e+00	4.0464710430e-01	1.7189958197e+00	-1.4075473935e+00	3.1265432132e+00
61                	-2.2667825584e+00	4.0346805828e-01	1.7189343899e+00	-1.4073153634e+00	3.1262497533e+00
62                	-2.2664570012e+00	4.0234910050e-01	1.7188188949e+00	-1.4070475537e+00	3.1258664486e+00
63                	-2.2661084503e+00	4.0130697120e-01	1.7186688046e+00	-1.4067740481e+00	3.1254428526e+00
64                	-2.2657397731e+00	4.0031326227e-01	1.7184972084e+00	-1.4064911689e+00	3.1249883773e+00
65                	-2.2653663301e+00	3.9938554560e-01	1.7183115984e+00	-1.4062105309e+00	3.1245221293e+00
66                	-2.2649740034e+00	3.9849977713e-01	1.7181136089e+00	-1.4059171989e+00	3.1240308078e+00
67                	-2.2645777115e+00	3.9767870427e-01	1.7179140010e+00	-1.4056207110e+00	3.1235347120e+00
68                	-2.2641487416e+00	3.9690023228e-01	1.7177020292e+00	-1.4052977270e+00	3.1229997562e+00
69                	-2.2636959617e+00	3.9617893562e-01	1.7174792770e+00	-1.4049563232e+00	3.1224356002e+00
70                	-2.2632028430e+00	3.9549147144e-01	1.7172431150e+00	-1.4045812854e+00	3.1218244005e+00
71                	-2.2626775574e+00	3.9485738538e-01	1.7169908971e+00	-1.4041821089e+00	3.1211730060e+00
72                	-2.2621095216e+00	3.9424927274e-01	1.7167188027e+00	-1.4037501203e+00	3.1204689230e+00
73                	-2.2615249659e+00	3.9368418747e-01	1.7164375979e+00	-1.4033061669e+00	3.1197437649e+00
74                	-2.2609127408e+00	3.9313748897e-01	1.7161418302e+00	-1.4028418257e+00	3.1189836559e+00
75                	-2.2603027233e+00	3.9263152923e-01	1.7158423466e+00	-1.4023815501e+00	3.1182238966e+00
76                	-2.2596910297e+00	3.9214405285e-01	1.7155428151e+00	-1.4019196222e+00	3.1174624373e+00
77                	-2.2590988603e+00	3.9169015307e-01	1.7152486800e+00	-1.4014745203e+00	3.1167232003e+00
78                	-2.2585222220e+00	3.9124913639e-01	1.7149620629e+00	-1.4010411906e+00	3.1160032535e+00
79                	-2.2579895945e+00	3.9084543385e-01	1.7146964103e+00	-1.4006413893e+00	3.1153377997e+00
80                	-2.2574821467e+00	3.9045646447e-01	1.7144453437e+00	-1.4002594749e+00	3.1147048186e+00
81                	-2.2570169437e+00	3.9009975076e-01	1.7142139667e+00	-1.3999099603e+00	3.1141239271e+00
82                	-2.2565772322e+00	3.8975541144e-01	1.7140004523e+00	-1.3995770060e+00	3.1135774583e+00
83                	-2.2561722136e+00	3.8944469960e-01	1.7138046308e+00	-1.3992698982e+00	3.1130745290e+00
84                	-2.2557795016e+00	3.8913992733e-01	1.7136180173e+00	-1.3989704929e+00	3.1125885102e+00
85                	-2.2554121108e+00	3.8886677690e-01	1.7134451098e+00	-1.3986895559e+00	3.1121346657e+00
86                	-2.2550452165e+00	3.8860170878e-01	1.7132759945e+00	-1.3984072192e+00	3.1116832138e+00
87                	-2.2546948214e+00	3.8836746279e-01	1.7131135494e+00	-1.3981380467e+00	3.1112515961e+00
88                	-2.2543446899e+00	3.8814119978e-01	1.7129551061e+00	-1.3978671368e+00	3.1108222429e+00
89                	-2.2540058090e+00	3.8794172874e-01	1.7128006930e+00	-1.3976054625e+00	3.1104061555e+00
90                	-2.2536625110e+00	3.8774532793e-01	1.7126442748e+00	-1.3973403736e+00	3.1099846485e+00
91                	-2.2533360731e+00	3.8757374425e-01	1.7124938794e+00	-1.3970891334e+00	3.1095830128e+00
92                	-2.2530063529e+00	3.8739906954e-01	1.7123417384e+00	-1.3968354837e+00	3.1091772221e+00
93                	-2.2526937287e+00	3.8724870101e-01	1.7121924952e+00	-1.3965974811e+00	3.1087899763e+00
94                	-2.2523889571e+00	3.8709342780e-01	1.7120472169e+00	-1.3963653487e+00	3.1084125656e+00
95                	-2.2521088664e+00	3.8695926764e-01	1.7119097929e+00	-1.3961539700e+00	3.1080637629e+00
96                	-2.2518405417e+00	3.8682143360e-01	1.7117771205e+00	-1.3959519815e+00	3.1077291020e+00
97                	-2.2516057437e+00	3.8670409819e-01	1.7116585182e+00	-1.3957764846e+00	3.1074350028e+00
98                	-2.2513847079e+00	3.8658141213e-01	1.7115476484e+00	-1.3956108837e+00	3.1071585320e+00
99                	-2.2511948645e+00	3.8648056934e-01	1.7114490205e+00	-1.3954703542e+00	3.1069193748e+00
100               	-2.2510195641e+00	3.8637164828e-01	1.7113603279e+00	-1.3953394002e+00	3.1066997281e+00
101               	-2.2508679973e+00	3.8628261394e-01	1.7112819304e+00	-1.3952270321e+00	3.1065089625e+00
102               	-2.2507209096e+00	3.8618628763e-01	1.7112072377e+00	-1.3951172908e+00	3.1063245285e+00
103               	-2.2505939670e+00	3.8610563747e-01	1.7111418282e+00	-1.3950230529e+00	3.1061648811e+00
104               	-2.2504628698e+00	3.8601796598e-01	1.7110761804e+00	-1.3949247796e+00	3.1060009600e+00
105               	-2.2503394761e+00	3.8594592725e-01	1.7110119792e+00	-1.3948334865e+00	3.1058454657e+00
106               	-2.2502070920e+00	3.8586391592e-01	1.7109459612e+00	-1.3947341113e+00	3.1056800726e+00
107               	-2.2500764360e+00	3.8579743998e-01	1.7108784728e+00	-1.3946371996e+00	3.1055156724e+00
108               	-2.2499304230e+00	3.8572250467e-01	1.7108037172e+00	-1.3945285643e+00	3.1053322816e+00
109               	-2.2497862630e+00	3.8566180765e-01	1.7107281408e+00	-1.3944221926e+00	3.1051503335e+00
110               	-2.2496237596e+00	3.8558947844e-01	1.7106440586e+00	-1.3943017303e+00	3.1049457888e+00
111               	-2.2494607150e+00	3.8553318686e-01	1.7105560066e+00	-1.3941827117e+00	3.1047387183e+00
112               	-2.2492854716e+00	3.8546695912e-01	1.7104637736e+00	-1.3940535848e+00	3.1045173585e+00
113               	-2.2491102332e+00	3.8541582298e-01	1.7103685499e+00	-1.3939259582e+00	3.1042945081e+00
114               	-2.2489219894e+00	3.8535427763e-01	1.7102670575e+00	-1.3937884606e+00	3.1040555181e+00
115               	-2.2487427394e+00	3.8530847124e-01	1.7101686457e+00	-1.3936584166e+00	3.1038270623e+00
116               	-2.2485523284e+00	3.8525219128e-01	1.7100657168e+00	-1.3935194700e+00	3.1035851868e+00
117               	-2.2483702320e+00	3.8520856170e-01	1.7099639391e+00	-1.3933882625e+00	3.1033522016e+00
118               	-2.2481878492e+00	3.8515686969e-01	1.7098646734e+00	-1.3932555125e+00	3.1031201859e+00
119               	-2.2480142436e+00	3.8511977493e-01	1.7097675532e+00	-1.3931304670e+00	3.1028980202e+00
120               	-2.2478374463e+00	3.8506981537e-01	1.7096701056e+00	-1.3930023935e+00	3.1026724991e+00
121               	-2.2476793792e+00	3.8503544995e-01	1.7095818064e+00	-1.3928884760e+00	3.1024702824e+00
122               	-2.2475168917e+00	3.8499124075e-01	1.7094930389e+00	-1.3927703722e+00	3.1022634111e+00
123               	-2.2473691362e+00	3.8495960601e-01	1.7094094146e+00	-1.3926644289e+00	3.1020738435e+00
124               	-2.2472275400e+00	3.8491895865e-01	1.7093321693e+00	-1.3925614554e+00	3.1018936246e+00
125               	-2.2470960333e+00	3.8488971038e-01	1.7092584316e+00	-1.3924668175e+00	3.1017252491e+00
126               	-2.2469641964e+00	3.8485035635e-01	1.7091858818e+00	-1.3923712554e+00	3.1015571373e+00
127               	-2.2468523028e+00	3.8482643138e-01	1.7091232436e+00	-1.3922906811e+00	3.1014139246e+00
128               	-2.2467361633e+00	3.8478917583e-01	1.7090604876e+00	-1.3922059195e+00	3.1012664072e+00
129               	-2.2466326212e+00	3.8476547453e-01	1.7090020506e+00	-1.3921315959e+00	3.1011336465e+00
130               	-2.2465331127e+00	3.8473401757e-01	1.7089489297e+00	-1.3920586479e+00	3.1010075775e+00
131               	-2.2464425903e+00	3.8471195405e-01	1.7088987182e+00	-1.3919932312e+00	3.1008919495e+00
132               	-2.2463488839e+00	3.8467984197e-01	1.7088481800e+00	-1.3919247940e+00	3.1007729739e+00
133               	-2.2462712928e+00	3.8466128904e-01	1.7088055164e+00	-1.3918685346e+00	3.1006740510e+00
134               	-2.2461877251e+00	3.8463128254e-01	1.7087616264e+00	-1.3918069120e+00	3.1005685383e+00
135               	-2.2461136542e+00	3.8461355369e-01	1.7087201909e+00	-1.3917535588e+00	3.1004737497e+00
136               	-2.2460399579e+00	3.8458649611e-01	1.7086820817e+00	-1.3916989171e+00	3.1003809988e+00
137               	-2.2459728519e+00	3.8457128301e-01	1.7086458195e+00	-1.3916499422e+00	3.1002957617e+00
138               	-2.2458997554e+00	3.8454357752e-01	1.7086073724e+00	-1.3915960692e+00	3.1002034416e+00
139               	-2.2458407123e+00	3.8452943152e-01	1.7085754601e+00	-1.3915529823e+00	3.1001284423e+00
140               	-2.2457742414e+00	3.8450527871e-01	1.7085416860e+00	-1.3915033984e+00	3.1000450844e+00
141               	-2.2457150717e+00	3.8449159011e-01	1.7085090742e+00	-1.3914605346e+00	3.0999696088e+00
142               	-2.2456554856e+00	3.8446973661e-01	1.7084789157e+00	-1.3914160278e+00	3.0998949435e+00
143               	-2.2456025613e+00	3.8445932830e-01	1.7084506143e+00	-1.3913772541e+00	3.0998278685e+00
144               	-2.2455428457e+00	3.8443621871e-01	1.7084197901e+00	-1.3913329507e+00	3.0997527408e+00
145               	-2.2454966052e+00	3.8442580107e-01	1.7083950094e+00	-1.3912991005e+00	3.0996941099e+00
146               	-2.2454434828e+00	3.8440582547e-01	1.7083685659e+00	-1.3912591998e+00	3.0996277657e+00
147               	-2.2453969016e+00	3.8439615284e-01	1.7083428975e+00	-1.3912254528e+00	3.0995683503e+00
148               	-2.2453502406e+00	3.8437683594e-01	1.7083196917e+00	-1.3911903947e+00	3.0995100864e+00
149               	-2.2453108819e+00	3.8436980137e-01	1.7082987165e+00	-1.3911615237e+00	3.0994602401e+00
150               	-2.2452636707e+00	3.8435089520e-01	1.7082745474e+00	-1.3911263970e+00	3.0994009444e+00
151               	-2.2452302991e+00	3.8434409152e-01	1.7082564484e+00	-1.3911020749e+00	3.0993585233e+00
152               	-2.2451906904e+00	3.8432864504e-01	1.7082371121e+00	-1.3910721344e+00	3.0993092465e+00
153               	-2.2451571672e+00	3.8432229028e-01	1.7082183219e+00	-1.3910480063e+00	3.0992663282e+00
154               	-2.2451227036e+00	3.8430634769e-01	1.7082013879e+00	-1.3910220096e+00	3.0992233975e+00
155               	-2.2450959941e+00	3.8430108469e-01	1.7081869482e+00	-1.3910025200e+00	3.0991894682e+00
156               	-2.2450617367e+00	3.8428594465e-01	1.7081694410e+00	-1.3909770162e+00	3.0991464572e+00
157               	-2.2450387361e+00	3.8428370018e-01	1.7081566720e+00	-1.3909604001e+00	3.0991170721e+00
158               	-2.2450100650e+00	3.8426944027e-01	1.7081431001e+00	-1.3909385149e+00	3.0990816150e+00
159               	-2.2449868351e+00	3.8426549628e-01	1.7081297622e+00	-1.3909219540e+00	3.0990517162e+00
160               	-2.2449613973e+00	3.8425292345e-01	1.7081176335e+00	-1.3909025805e+00	3.0990202140e+00
161               	-2.2449438550e+00	3.8425097548e-01	1.7081082209e+00	-1.3908897446e+00	3.0989979655e+00
162               	-2.2449186269e+00	3.8423784935e-01	1.7080956510e+00	-1.3908708015e+00	3.0989664524e+00
163               	-2.2449049062e+00	3.8423636708e-01	1.7080878129e+00	-1.3908609998e+00	3.0989488127e+00
164               	-2.2448855984e+00	3.8422599128e-01	1.7080791738e+00	-1.3908460115e+00	3.0989251853e+00
165               	-2.2448715919e+00	3.8422531308e-01	1.7080708929e+00	-1.3908361455e+00	3.0989070384e+00
166               	-2.2448544449e+00	3.8421261056e-01	1.7080632131e+00	-1.3908228383e+00	3.0988860514e+00
167               	-2.2448448909e+00	3.8421255531e-01	1.7080581571e+00	-1.3908158124e+00	3.0988739694e+00
168               	-2.2448274894e+00	3.8420213894e-01	1.7080499613e+00	-1.3908025088e+00	3.0988524701e+00
169               	-2.2448194524e+00	3.8420123332e-01	1.7080453487e+00	-1.3907967781e+00	3.0988421267e+00
170               	-2.2448051857e+00	3.8419086759e-01	1.7080396219e+00	-1.3907853747e+00	3.0988249966e+00
171               	-2.2447963373e+00	3.8419282480e-01	1.7080341632e+00	-1.3907792556e+00	3.0988134189e+00
172               	-2.2447830879e+00	3.8418259082e-01	1.7080285632e+00	-1.3907688063e+00	3.0987973695e+00
173               	-2.2447771154e+00	3.8418406866e-01	1.7080253803e+00	-1.3907644253e+00	3.0987898056e+00
174               	-2.2447630345e+00	3.8417480558e-01	1.7080188986e+00	-1.3907535852e+00	3.0987724838e+00
175               	-2.2447576231e+00	3.8417678456e-01	1.7080156168e+00	-1.3907498146e+00	3.0987654315e+00
176               	-2.2447465549e+00	3.8416771343e-01	1.7080116221e+00	-1.3907407439e+00	3.0987523660e+00
177               	-2.2447407157e+00	3.8416888988e-01	1.7080078935e+00	-1.3907367690e+00	3.0987446625e+00
178               	-2.2447306809e+00	3.8416092155e-01	1.7080038817e+00	-1.3907287400e+00	3.0987326217e+00
179               	-2.2447284509e+00	3.8416460264e-01	1.7080025937e+00	-1.3907271540e+00	3.0987297477e+00
180               	-2.2447181401e+00	3.8415600212e-01	1.7079981811e+00	-1.3907190496e+00	3.0987172307e+00
181               	-2.2447157274e+00	3.8415866698e-01	1.7079965084e+00	-1.3907174732e+00	3.0987139816e+00
182               	-2.2447069603e+00	3.8415109412e-01	1.7079937909e+00	-1.3907100649e+00	3.0987038557e+00
183               	-2.2447036815e+00	3.8415484953e-01	1.7079915398e+00	-1.3907079116e+00	3.0986994514e+00
184               	-2.2446954818e+00	3.8414647798e-01	1.7079885921e+00	-1.3907011858e+00	3.0986897779e+00
185               	-2.2446943346e+00	3.8415120403e-01	1.7079881000e+00	-1.3907002846e+00	3.0986883847e+00
186               	-2.2446850186e+00	3.8414379236e-01	1.7079844667e+00	-1.3906927853e+00	3.0986772520e+00
187               	-2.2446839875e+00	3.8414638241e-01	1.7079835490e+00	-1.3906922130e+00	3.0986757620e+00
188               	-2.2446767674e+00	3.8413886721e-01	1.7079817459e+00	-1.3906858945e+00	3.0986676404e+00
189               	-2.2446751626e+00	3.8414282225e-01	1.7079804879e+00	-1.3906849187e+00	3.0986654065e+00
190               	-2.2446683934e+00	3.8413552556e-01	1.7079782622e+00	-1.3906792623e+00	3.0986575245e+00
191               	-2.2446683027e+00	3.8413910731e-01	1.7079784006e+00	-1.3906791024e+00	3.0986575030e+00
192               	-2.2446608437e+00	3.8413234535e-01	1.7079757821e+00	-1.3906729526e+00	3.0986487348e+00
193               	-2.2446612129e+00	3.8413738827e-01	1.7079756107e+00	-1.3906734075e+00	3.0986490182e+00
194               	-2.2446550826e+00	3.8412979541e-01	1.7079743814e+00	-1.3906678919e+00	3.0986422733e+00
195               	-2.2446552104e+00	3.8413361362e-01	1.7079739124e+00	-1.3906682542e+00	3.0986421666e+00
196               	-2.2446496331e+00	3.8412823798e-01	1.7079723262e+00	-1.3906634700e+00	3.0986357962e+00
197               	-2.2446509349e+00	3.8413179950e-01	1.7079731681e+00	-1.3906643508e+00	3.0986375189e+00
198               	-2.2446447794e+00	3.8412467775e-01	1.7079711555e+00	-1.3906592017e+00	3.0986303571e+00
199               	-2.2446460011e+00	3.8412924315e-01	1.7079713759e+00	-1.3906603131e+00	3.0986316890e+00
200               	-2.2446415069e+00	3.8412285359e-01	1.7079708986e+00	-1.3906560576e+00	3.0986269562e+00
