# Force coefficients
# liftDir         : (0.0000000000e+00 0.0000000000e+00 1.0000000000e+00)
# dragDir         : (1.0000000000e+00 0.0000000000e+00 0.0000000000e+00)
# pitchAxis       : (0.0000000000e+00 1.0000000000e+00 0.0000000000e+00)
# magUInf         : 5.0000000000e+00
# lRef            : 1.0000000000e+01
# Aref            : 1.0000000000e+01
# CofR            : (0.0000000000e+00 0.0000000000e+00 0.0000000000e+00)
# Time            	Cm                	Cd                	Cl                	Cl(f)             	Cl(r)             
0                 	-2.9239503704e-03	3.2624958768e-01	5.7560135311e-04	-2.6361496939e-03	3.2117510470e-03
1                 	-3.0122712510e+00	5.9036662628e+00	1.9729954390e+00	-2.0257735315e+00	3.9987689705e+00
2                 	-4.4987708202e+00	8.2169123241e+00	2.9800032966e+00	-3.0087691719e+00	5.9887724685e+00
3                 	-4.7334353684e+00	7.8285548131e+00	3.1591946098e+00	-3.1538380635e+00	6.3130326733e+00
4                 	-4.1638835578e+00	5.6920179303e+00	2.8148787231e+00	-2.7564441963e+00	5.5713229193e+00
5                 	-3.2183189042e+00	2.9366844670e+00	2.2191998068e+00	-2.1087190008e+00	4.3279188076e+00
6                 	-2.2504665321e+00	4.6758265065e-01	1.6049570531e+00	-1.4479880055e+00	3.0529450586e+00
7                 	-1.4901099841e+00	-1.1797789467e+00	1.1255963135e+00	-9.2731182731e-01	2.0529081408e+00
8                 	-1.0201555083e+00	-1.8636208994e+00	8.3433401546e-01	-6.0298850060e-01	1.4373225161e+00
9                 	-8.2628704013e-01	-1.7374622831e+00	7.2208808285e-01	-4.6524299871e-01	1.1873310816e+00
10                	-8.4575456494e-01	-1.0892612087e+00	7.4051788583e-01	-4.7549562202e-01	1.2160135079e+00
11                	-9.9445905536e-01	-2.4383886667e-01	8.3592129790e-01	-5.7649840642e-01	1.4124197043e+00
12                	-1.1871837524e+00	5.2302815184e-01	9.5467009887e-01	-7.0984870299e-01	1.6645188019e+00
13                	-1.3821587002e+00	1.0437864013e+00	1.0695630112e+00	-8.4737719456e-01	1.9169402058e+00
14                	-1.5356403373e+00	1.2667294197e+00	1.1550850375e+00	-9.5809781849e-01	2.1131828560e+00
15                	-1.6303224660e+00	1.2382910350e+00	1.2032209630e+00	-1.0287119845e+00	2.2319329475e+00
16                	-1.6710351706e+00	1.0447546008e+00	1.2212788141e+00	-1.0603957635e+00	2.2816745776e+00
17                	-1.6719747940e+00	7.8202246520e-01	1.2190611611e+00	-1.0624442134e+00	2.2815053745e+00
18                	-1.6490485604e+00	5.3241877403e-01	1.2061772875e+00	-1.0459599166e+00	2.2521372042e+00
19                	-1.6165565995e+00	3.5319348818e-01	1.1901988028e+00	-1.0214571981e+00	2.2116560009e+00
20                	-1.5784217595e+00	2.6301713710e-01	1.1732335506e+00	-9.9180498421e-01	2.1650385349e+00
21                	-1.5478908793e+00	2.5001951423e-01	1.1613565222e+00	-9.6721261818e-01	2.1285691404e+00
22                	-1.5277903716e+00	2.9075734483e-01	1.1545961279e+00	-9.5049230770e-01	2.1050884356e+00
23                	-1.5170393190e+00	3.5864314253e-01	1.1512668979e+00	-9.4140587009e-01	2.0926727680e+00
24                	-1.5127515990e+00	4.2690986201e-01	1.1500706146e+00	-9.3771629164e-01	2.0877869063e+00
25                	-1.5140382718e+00	4.7849459085e-01	1.1504509283e+00	-9.3881280763e-01	2.0892637360e+00
26                	-1.5204330557e+00	5.0639524607e-01	1.1523449623e+00	-9.4426057457e-01	2.0966055369e+00
27                	-1.5283703932e+00	5.1068093223e-01	1.1546221578e+00	-9.5105931426e-01	2.1056814721e+00
28                	-1.5360667860e+00	4.9801588138e-01	1.1569016572e+00	-9.5761595744e-01	2.1145176147e+00
29                	-1.5436401973e+00	4.7461247350e-01	1.1600079875e+00	-9.6363620356e-01	2.1236441911e+00
30                	-1.5508397072e+00	4.4763058930e-01	1.1637451767e+00	-9.6896711883e-01	2.1327122955e+00
31                	-1.5575294855e+00	4.2375790714e-01	1.1679785571e+00	-9.7354020698e-01	2.1415187641e+00
32                	-1.5633119609e+00	4.0619824665e-01	1.1723000397e+00	-9.7716194105e-01	2.1494619808e+00
33                	-1.5679000968e+00	3.9575544746e-01	1.1762213863e+00	-9.7978940365e-01	2.1560107900e+00
34                	-1.5718804658e+00	3.9182933780e-01	1.1797591520e+00	-9.8200088983e-01	2.1617600418e+00
35                	-1.5746817608e+00	3.9250196584e-01	1.1825672219e+00	-9.8339814987e-01	2.1659653717e+00
36                	-1.5769054729e+00	3.9483381123e-01	1.1846919598e+00	-9.8455949301e-01	2.1692514528e+00
37                	-1.5785232449e+00	3.9720867128e-01	1.1860877257e+00	-9.8547938208e-01	2.1715671078e+00
38                	-1.5795838975e+00	3.9842709670e-01	1.1868403646e+00	-9.8616371522e-01	2.1730040798e+00
39                	-1.5802751040e+00	3.9807045741e-01	1.1871160070e+00	-9.8671710050e-01	2.1738331075e+00
40                	-1.5806098515e+00	3.9622919700e-01	1.1870648059e+00	-9.8707744859e-01	2.1741422545e+00
41                	-1.5808362882e+00	3.9273197314e-01	1.1869241047e+00	-9.8737423589e-01	2.1742983406e+00
42                	-1.5811066356e+00	3.8802673364e-01	1.1869322762e+00	-9.8764049750e-01	2.1745727737e+00
43                	-1.5814214017e+00	3.8293132411e-01	1.1871415532e+00	-9.8785062507e-01	2.1749921783e+00
44                	-1.5817430005e+00	3.7810454707e-01	1.1874968364e+00	-9.8799458226e-01	2.1754914187e+00
45                	-1.5820390182e+00	3.7394464915e-01	1.1879188958e+00	-9.8807957034e-01	2.1759984661e+00
46                	-1.5822535268e+00	3.7056929023e-01	1.1883253103e+00	-9.8809087164e-01	2.1764161820e+00
47                	-1.5824165284e+00	3.6798851848e-01	1.1886552834e+00	-9.8808888668e-01	2.1767441701e+00
48                	-1.5826367960e+00	3.6588243401e-01	1.1889333962e+00	-9.8817009795e-01	2.1771034941e+00
49                	-1.5829398811e+00	3.6400665641e-01	1.1891671801e+00	-9.8835629105e-01	2.1775234711e+00
50                	-1.5833169475e+00	3.6219122797e-01	1.1893629713e+00	-9.8863546190e-01	2.1779984332e+00
51                	-1.5837654450e+00	3.6036924032e-01	1.1895358502e+00	-9.8899751995e-01	2.1785333701e+00
52                	-1.5842769177e+00	3.5852570014e-01	1.1897119828e+00	-9.8942092626e-01	2.1791329091e+00
53                	-1.5848216223e+00	3.5669238359e-01	1.1899080833e+00	-9.8986758065e-01	2.1797756639e+00
54                	-1.5853395787e+00	3.5488607516e-01	1.1901158737e+00	-9.9028164190e-01	2.1803975156e+00
55                	-1.5857863183e+00	3.5313939627e-01	1.1903250395e+00	-9.9062379861e-01	2.1809488381e+00
56                	-1.5861231845e+00	3.5145571676e-01	1.1905205759e+00	-9.9086289655e-01	2.1813834724e+00
57                	-1.5863275338e+00	3.4986962569e-01	1.1906813948e+00	-9.9098683646e-01	2.1816682312e+00
58                	-1.5863906250e+00	3.4837466291e-01	1.1907912181e+00	-9.9099501599e-01	2.1817862341e+00
59                	-1.5863271621e+00	3.4698908682e-01	1.1908448164e+00	-9.9090475390e-01	2.1817495703e+00
60                	-1.5861515262e+00	3.4569772369e-01	1.1908352329e+00	-9.9073390972e-01	2.1815691426e+00
61                	-1.5858978193e+00	3.4450456745e-01	1.1907700450e+00	-9.9051279685e-01	2.1812828418e+00
62                	-1.5855921098e+00	3.4338379148e-01	1.1906612157e+00	-9.9026150201e-01	2.1809227177e+00
63                	-1.5852570453e+00	3.4234374705e-01	1.1905183376e+00	-9.8999787648e-01	2.1805162141e+00
64                	-1.5849046267e+00	3.4135194495e-01	1.1903516207e+00	-9.8972881633e-01	2.1800804370e+00
65                	-1.5845443993e+00	3.4041272878e-01	1.1901723834e+00	-9.8945820758e-01	2.1796305910e+00
66                	-1.5841666171e+00	3.3951728917e-01	1.1899791661e+00	-9.8917703405e-01	2.1791562001e+00
67                	-1.5837688280e+00	3.3867294178e-01	1.1897735087e+00	-9.8888207367e-01	2.1786555824e+00
68                	-1.5833414570e+00	3.3786518776e-01	1.1895560342e+00	-9.8856343995e-01	2.1781194741e+00
69                	-1.5828792996e+00	3.3711048462e-01	1.1893230366e+00	-9.8821778127e-01	2.1775408179e+00
70                	-1.5823760094e+00	3.3639203640e-01	1.1890719144e+00	-9.8784005222e-01	2.1769119666e+00
71                	-1.5818306461e+00	3.3572206304e-01	1.1887979058e+00	-9.8743169324e-01	2.1762295990e+00
72                	-1.5812464487e+00	3.3508009439e-01	1.1885022701e+00	-9.8699531363e-01	2.1754975837e+00
73                	-1.5806400770e+00	3.3448369339e-01	1.1881936408e+00	-9.8654325661e-01	2.1747368974e+00
74                	-1.5800182156e+00	3.3391668072e-01	1.1878750490e+00	-9.8608069105e-01	2.1739557401e+00
75                	-1.5794001517e+00	3.3338435633e-01	1.1875544609e+00	-9.8562292121e-01	2.1731773821e+00
76                	-1.5787909858e+00	3.3287289688e-01	1.1872336649e+00	-9.8517415332e-01	2.1724078183e+00
77                	-1.5782112395e+00	3.3239555952e-01	1.1869234299e+00	-9.8474952453e-01	2.1716729544e+00
78                	-1.5776724664e+00	3.3193612994e-01	1.1866329564e+00	-9.8435598817e-01	2.1709889446e+00
79                	-1.5771852479e+00	3.3151002927e-01	1.1863678758e+00	-9.8400130996e-01	2.1703691858e+00
80                	-1.5767461949e+00	3.3109590993e-01	1.1861271659e+00	-9.8368261194e-01	2.1698097778e+00
81                	-1.5763583304e+00	3.3071552990e-01	1.1859133298e+00	-9.8340166553e-01	2.1693149953e+00
82                	-1.5760125153e+00	3.3034705671e-01	1.1857229148e+00	-9.8315105787e-01	2.1688739726e+00
83                	-1.5757051768e+00	3.3000619729e-01	1.1855531126e+00	-9.8292862051e-01	2.1684817331e+00
84                	-1.5754285167e+00	3.2967568167e-01	1.1854024852e+00	-9.8272727409e-01	2.1681297592e+00
85                	-1.5751763017e+00	3.2937958882e-01	1.1852661108e+00	-9.8254324632e-01	2.1678093572e+00
86                	-1.5749406503e+00	3.2909267222e-01	1.1851412686e+00	-9.8237001598e-01	2.1675112846e+00
87                	-1.5747207612e+00	3.2883601383e-01	1.1850275932e+00	-9.8220696464e-01	2.1672345578e+00
88                	-1.5745054333e+00	3.2859110039e-01	1.1849180253e+00	-9.8204642063e-01	2.1669644459e+00
89                	-1.5742907877e+00	3.2836860770e-01	1.1848083724e+00	-9.8188660144e-01	2.1666949739e+00
90                	-1.5740761154e+00	3.2815060447e-01	1.1847001387e+00	-9.8172604610e-01	2.1664261848e+00
91                	-1.5738620291e+00	3.2795617630e-01	1.1845917191e+00	-9.8156616961e-01	2.1661578887e+00
92                	-1.5736455028e+00	3.2776340466e-01	1.1844812897e+00	-9.8140485794e-01	2.1658861477e+00
93                	-1.5734282600e+00	3.2759086893e-01	1.1843679874e+00	-9.8124426632e-01	2.1656122537e+00
94                	-1.5732126919e+00	3.2741929669e-01	1.1842544099e+00	-9.8108548691e-01	2.1653398968e+00
95                	-1.5730054714e+00	3.2726762984e-01	1.1841443516e+00	-9.8093329563e-01	2.1650776472e+00
96                	-1.5728014733e+00	3.2711716927e-01	1.1840353829e+00	-9.8078378185e-01	2.1648191647e+00
97                	-1.5726061870e+00	3.2698436813e-01	1.1839285117e+00	-9.8064193110e-01	2.1645704428e+00
98                	-1.5724181934e+00	3.2685035613e-01	1.1838261295e+00	-9.8050512867e-01	2.1643312582e+00
99                	-1.5722383849e+00	3.2673188160e-01	1.1837275705e+00	-9.8037459964e-01	2.1641021701e+00
100               	-1.5720624290e+00	3.2661365447e-01	1.1836315863e+00	-9.8024663582e-01	2.1638782221e+00
101               	-1.5718890111e+00	3.2651165683e-01	1.1835356589e+00	-9.8012118167e-01	2.1636568406e+00
102               	-1.5717144150e+00	3.2640242111e-01	1.1834403945e+00	-9.7999421778e-01	2.1634346123e+00
103               	-1.5715384593e+00	3.2630963423e-01	1.1833431243e+00	-9.7986689717e-01	2.1632100215e+00
104               	-1.5713546719e+00	3.2621318200e-01	1.1832415206e+00	-9.7973391159e-01	2.1629754322e+00
105               	-1.5711695140e+00	3.2612671098e-01	1.1831396310e+00	-9.7959969850e-01	2.1627393295e+00
106               	-1.5709747909e+00	3.2603555200e-01	1.1830325959e+00	-9.7945849297e-01	2.1624910889e+00
107               	-1.5707728538e+00	3.2595593049e-01	1.1829190762e+00	-9.7931331571e-01	2.1622323919e+00
108               	-1.5705639202e+00	3.2586979478e-01	1.1828028408e+00	-9.7916249985e-01	2.1619653406e+00
109               	-1.5703521231e+00	3.2579948782e-01	1.1826837181e+00	-9.7901026403e-01	2.1616939821e+00
110               	-1.5701345857e+00	3.2572035443e-01	1.1825613922e+00	-9.7885388957e-01	2.1614152817e+00
111               	-1.5699163469e+00	3.2565214296e-01	1.1824371393e+00	-9.7869777724e-01	2.1611349165e+00
112               	-1.5696981021e+00	3.2558056724e-01	1.1823134598e+00	-9.7854137222e-01	2.1608548320e+00
113               	-1.5694796206e+00	3.2551911874e-01	1.1821871043e+00	-9.7838606847e-01	2.1605731728e+00
114               	-1.5692597970e+00	3.2544786690e-01	1.1820593124e+00	-9.7823014085e-01	2.1602894532e+00
115               	-1.5690503782e+00	3.2539194572e-01	1.1819372822e+00	-9.7808173704e-01	2.1600190193e+00
116               	-1.5688438044e+00	3.2533093230e-01	1.1818175997e+00	-9.7793500456e-01	2.1597526043e+00
117               	-1.5686475201e+00	3.2527936219e-01	1.1817026938e+00	-9.7779617322e-01	2.1594988670e+00
118               	-1.5684565310e+00	3.2522082249e-01	1.1815916112e+00	-9.7766072540e-01	2.1592523366e+00
119               	-1.5682757038e+00	3.2517343117e-01	1.1814853617e+00	-9.7753302290e-01	2.1590183846e+00
120               	-1.5680988465e+00	3.2511936226e-01	1.1813823213e+00	-9.7740768580e-01	2.1587900071e+00
121               	-1.5679338233e+00	3.2507735526e-01	1.1812854448e+00	-9.7729110091e-01	2.1585765457e+00
122               	-1.5677744204e+00	3.2502773810e-01	1.1811929320e+00	-9.7717795436e-01	2.1583708864e+00
123               	-1.5676257037e+00	3.2498712263e-01	1.1811060341e+00	-9.7707268664e-01	2.1581787207e+00
124               	-1.5674817262e+00	3.2494255195e-01	1.1810223878e+00	-9.7697053237e-01	2.1579929201e+00
125               	-1.5673478489e+00	3.2490873718e-01	1.1809435370e+00	-9.7687608040e-01	2.1578196174e+00
126               	-1.5672188318e+00	3.2486397130e-01	1.1808690112e+00	-9.7678432623e-01	2.1576533374e+00
127               	-1.5671010026e+00	3.2483285997e-01	1.1808007137e+00	-9.7670064576e-01	2.1575013595e+00
128               	-1.5669857143e+00	3.2479653047e-01	1.1807347190e+00	-9.7661835480e-01	2.1573530739e+00
129               	-1.5668785046e+00	3.2476611094e-01	1.1806725484e+00	-9.7654223041e-01	2.1572147788e+00
130               	-1.5667792246e+00	3.2472973503e-01	1.1806169318e+00	-9.7647075864e-01	2.1570876905e+00
131               	-1.5666833309e+00	3.2470459467e-01	1.1805617642e+00	-9.7640244876e-01	2.1569642129e+00
132               	-1.5665861150e+00	3.2466963868e-01	1.1805061376e+00	-9.7633304626e-01	2.1568391838e+00
133               	-1.5664986516e+00	3.2464577532e-01	1.1804560577e+00	-9.7627062280e-01	2.1567266805e+00
134               	-1.5664125828e+00	3.2461510935e-01	1.1804079632e+00	-9.7620860121e-01	2.1566165644e+00
135               	-1.5663336032e+00	3.2459178420e-01	1.1803636013e+00	-9.7615180253e-01	2.1565154039e+00
136               	-1.5662547720e+00	3.2456354630e-01	1.1803200435e+00	-9.7609475019e-01	2.1564147937e+00
137               	-1.5661801317e+00	3.2454517619e-01	1.1802774783e+00	-9.7604139254e-01	2.1563188708e+00
138               	-1.5661090922e+00	3.2451543995e-01	1.1802390308e+00	-9.7598957676e-01	2.1562286076e+00
139               	-1.5660418239e+00	3.2449918903e-01	1.1802016518e+00	-9.7594099795e-01	2.1561426497e+00
140               	-1.5659712518e+00	3.2447524867e-01	1.1801620820e+00	-9.7589021079e-01	2.1560522928e+00
141               	-1.5659083059e+00	3.2445766727e-01	1.1801269008e+00	-9.7584485556e-01	2.1559717563e+00
142               	-1.5658466541e+00	3.2443308508e-01	1.1800934961e+00	-9.7579990609e-01	2.1558934022e+00
143               	-1.5657896265e+00	3.2441885444e-01	1.1800613629e+00	-9.7575894508e-01	2.1558203080e+00
144               	-1.5657341418e+00	3.2439601614e-01	1.1800315998e+00	-9.7571834192e-01	2.1557499417e+00
145               	-1.5656827588e+00	3.2438438619e-01	1.1800030266e+00	-9.7568124549e-01	2.1556842721e+00
146               	-1.5656318936e+00	3.2436476892e-01	1.1799751047e+00	-9.7564434129e-01	2.1556194460e+00
147               	-1.5655852295e+00	3.2435172797e-01	1.1799489673e+00	-9.7561074588e-01	2.1555597132e+00
148               	-1.5655421639e+00	3.2433369408e-01	1.1799259469e+00	-9.7557919040e-01	2.1555051373e+00
149               	-1.5655021322e+00	3.2432538888e-01	1.1799033643e+00	-9.7555045001e-01	2.1554538144e+00
150               	-1.5654591195e+00	3.2430357912e-01	1.1798790371e+00	-9.7551960099e-01	2.1553986380e+00
151               	-1.5654235277e+00	3.2429526140e-01	1.1798587842e+00	-9.7549413564e-01	2.1553529198e+00
152               	-1.5653872928e+00	3.2428101618e-01	1.1798390718e+00	-9.7546775693e-01	2.1553068287e+00
153               	-1.5653557651e+00	3.2427130037e-01	1.1798210441e+00	-9.7544524307e-01	2.1552662872e+00
154               	-1.5653267217e+00	3.2425641049e-01	1.1798054293e+00	-9.7542400708e-01	2.1552294364e+00
155               	-1.5652995859e+00	3.2424984707e-01	1.1797895683e+00	-9.7540480179e-01	2.1551943701e+00
156               	-1.5652694325e+00	3.2423369340e-01	1.1797725213e+00	-9.7538317182e-01	2.1551556931e+00
157               	-1.5652472237e+00	3.2422941648e-01	1.1797600585e+00	-9.7536719448e-01	2.1551272530e+00
158               	-1.5652244211e+00	3.2421790702e-01	1.1797482362e+00	-9.7535030300e-01	2.1550985392e+00
159               	-1.5652013094e+00	3.2421146757e-01	1.1797340715e+00	-9.7533427370e-01	2.1550683452e+00
160               	-1.5651794903e+00	3.2419864851e-01	1.1797220094e+00	-9.7531848562e-01	2.1550404950e+00
161               	-1.5651609251e+00	3.2419496540e-01	1.1797110257e+00	-9.7530541225e-01	2.1550164379e+00
162               	-1.5651427454e+00	3.2417994124e-01	1.1797012654e+00	-9.7529211274e-01	2.1549933781e+00
163               	-1.5651274085e+00	3.2417804795e-01	1.1796921747e+00	-9.7528132114e-01	2.1549734959e+00
164               	-1.5651094713e+00	3.2416912950e-01	1.1796818235e+00	-9.7526855955e-01	2.1549503831e+00
165               	-1.5650975411e+00	3.2416556193e-01	1.1796749180e+00	-9.7526008215e-01	2.1549350001e+00
166               	-1.5650850382e+00	3.2415630872e-01	1.1796690386e+00	-9.7525051887e-01	2.1549195575e+00
167               	-1.5650712014e+00	3.2415348238e-01	1.1796600618e+00	-9.7524117045e-01	2.1549012323e+00
168               	-1.5650567621e+00	3.2414183331e-01	1.1796522231e+00	-9.7523065054e-01	2.1548828737e+00
169               	-1.5650460233e+00	3.2414127428e-01	1.1796461186e+00	-9.7522296398e-01	2.1548690826e+00
170               	-1.5650334749e+00	3.2413281502e-01	1.1796395266e+00	-9.7521371161e-01	2.1548532382e+00
171               	-1.5650225926e+00	3.2413083645e-01	1.1796329486e+00	-9.7520611835e-01	2.1548390669e+00
172               	-1.5650110916e+00	3.2412250129e-01	1.1796270298e+00	-9.7519757672e-01	2.1548246065e+00
173               	-1.5650010981e+00	3.2412262678e-01	1.1796209328e+00	-9.7519063171e-01	2.1548115645e+00
174               	-1.5649890293e+00	3.2411127966e-01	1.1796144275e+00	-9.7518181552e-01	2.1547962430e+00
175               	-1.5649818573e+00	3.2411253249e-01	1.1796104485e+00	-9.7517663302e-01	2.1547870815e+00
176               	-1.5649719309e+00	3.2410761356e-01	1.1796060198e+00	-9.7516892102e-01	2.1547749409e+00
177               	-1.5649623204e+00	3.2410630306e-01	1.1795999393e+00	-9.7516235079e-01	2.1547622901e+00
178               	-1.5649528938e+00	3.2409881981e-01	1.1795950048e+00	-9.7515539143e-01	2.1547503962e+00
179               	-1.5649454037e+00	3.2409908893e-01	1.1795907541e+00	-9.7515002668e-01	2.1547407808e+00
180               	-1.5649372869e+00	3.2409100333e-01	1.1795873380e+00	-9.7514361787e-01	2.1547309559e+00
181               	-1.5649315996e+00	3.2409391320e-01	1.1795843861e+00	-9.7513940658e-01	2.1547237927e+00
182               	-1.5649233298e+00	3.2408825820e-01	1.1795801979e+00	-9.7513323083e-01	2.1547134288e+00
183               	-1.5649184432e+00	3.2408887791e-01	1.1795776056e+00	-9.7512964038e-01	2.1547072460e+00
184               	-1.5649119576e+00	3.2408379293e-01	1.1795754419e+00	-9.7512423668e-01	2.1546996786e+00
185               	-1.5649048736e+00	3.2408485570e-01	1.1795707602e+00	-9.7511949346e-01	2.1546902537e+00
186               	-1.5648972433e+00	3.2407689150e-01	1.1795669292e+00	-9.7511377868e-01	2.1546807079e+00
187               	-1.5648926172e+00	3.2407993144e-01	1.1795647102e+00	-9.7511026205e-01	2.1546749723e+00
188               	-1.5648858799e+00	3.2407486982e-01	1.1795620839e+00	-9.7510483793e-01	2.1546669218e+00
189               	-1.5648809671e+00	3.2407726986e-01	1.1795593811e+00	-9.7510127650e-01	2.1546606576e+00
190               	-1.5648741141e+00	3.2407014813e-01	1.1795559537e+00	-9.7509613729e-01	2.1546520910e+00
191               	-1.5648701808e+00	3.2407133733e-01	1.1795535051e+00	-9.7509342821e-01	2.1546469333e+00
192               	-1.5648648597e+00	3.2406644170e-01	1.1795518257e+00	-9.7508894680e-01	2.1546407726e+00
193               	-1.5648604084e+00	3.2406930061e-01	1.1795490003e+00	-9.7508590823e-01	2.1546349085e+00
194               	-1.5648549329e+00	3.2406447912e-01	1.1795464645e+00	-9.7508170069e-01	2.1546281652e+00
195               	-1.5648516570e+00	3.2406608466e-01	1.1795448222e+00	-9.7507924590e-01	2.1546240681e+00
196               	-1.5648470301e+00	3.2406112313e-01	1.1795431846e+00	-9.7507543779e-01	2.1546186224e+00
197               	-1.5648438389e+00	3.2406297386e-01	1.1795414463e+00	-9.7507311570e-01	2.1546145620e+00
198               	-1.5648390039e+00	3.2405670316e-01	1.1795394681e+00	-9.7506926985e-01	2.1546087379e+00
199               	-1.5648369141e+00	3.2406087454e-01	1.1795382827e+00	-9.7506777275e-01	2.1546060555e+00
200               	-1.5648319503e+00	3.2405712863e-01	1.1795364199e+00	-9.7506374031e-01	2.1546001602e+00
