# Force coefficients
# liftDir         : (0.0000000000e+00 0.0000000000e+00 1.0000000000e+00)
# dragDir         : (1.0000000000e+00 0.0000000000e+00 0.0000000000e+00)
# pitchAxis       : (0.0000000000e+00 1.0000000000e+00 0.0000000000e+00)
# magUInf         : 5.0000000000e+00
# lRef            : 1.0000000000e+01
# Aref            : 1.0000000000e+01
# CofR            : (0.0000000000e+00 0.0000000000e+00 0.0000000000e+00)
# Time            	Cm                	Cd                	Cl                	Cl(f)             	Cl(r)             
0                 	-3.2068739168e-03	3.3163575048e-01	5.4789323440e-04	-2.9329272996e-03	3.4808205341e-03
1                 	-3.3913048924e+00	6.1537582302e+00	2.2389882763e+00	-2.2718107543e+00	4.5107990306e+00
2                 	-5.1425851808e+00	8.6368741605e+00	3.4218617235e+00	-3.4316543190e+00	6.8535160425e+00
3                 	-5.3507812117e+00	8.3284424261e+00	3.6002094771e+00	-3.5506764731e+00	7.1508859503e+00
4                 	-4.6313241105e+00	6.2095869144e+00	3.1677139470e+00	-3.0474671370e+00	6.2151810841e+00
5                 	-3.4734520442e+00	3.4214418777e+00	2.4395902229e+00	-2.2536569327e+00	4.6932471556e+00
6                 	-2.3110292846e+00	8.8579802244e-01	1.6993777510e+00	-1.4613404091e+00	3.1607181601e+00
7                 	-1.4182121232e+00	-8.4471851873e-01	1.1290718464e+00	-8.5367619999e-01	1.9827480464e+00
8                 	-8.7813510266e-01	-1.6038299000e+00	7.8472204553e-01	-4.8577407989e-01	1.2704961254e+00
9                 	-6.8969403819e-01	-1.5340180960e+00	6.6303444961e-01	-3.5817681338e-01	1.0212112630e+00
10                	-7.4336026229e-01	-9.2162622521e-01	6.9563557033e-01	-3.9554247713e-01	1.0911780475e+00
11                	-9.3481217104e-01	-9.7225155804e-02	8.1418472817e-01	-5.2771980696e-01	1.3419045351e+00
12                	-1.1802252037e+00	6.5780083988e-01	9.6445566795e-01	-6.9799736977e-01	1.6624530377e+00
13                	-1.4149189712e+00	1.1797206582e+00	1.1053445268e+00	-8.6224670783e-01	1.9675912347e+00
14                	-1.5958449107e+00	1.4147962719e+00	1.2098699678e+00	-9.9090992675e-01	2.2007798946e+00
15                	-1.7031714651e+00	1.4049332590e+00	1.2701262378e+00	-1.0681083462e+00	2.3382345840e+00
16                	-1.7475100863e+00	1.2298118722e+00	1.2939046560e+00	-1.1005577583e+00	2.3944624144e+00
17                	-1.7460634556e+00	9.8180004582e-01	1.2915129620e+00	-1.1003069746e+00	2.3918199366e+00
18                	-1.7150562947e+00	7.4263096321e-01	1.2732242060e+00	-1.0784441917e+00	2.3516683977e+00
19                	-1.6652628207e+00	5.6577185212e-01	1.2461004024e+00	-1.0422126195e+00	2.2883130219e+00
20                	-1.6141940916e+00	4.7135926403e-01	1.2202643260e+00	-1.0040619285e+00	2.2243262546e+00
21                	-1.5754667633e+00	4.4914690145e-01	1.2019468251e+00	-9.7449335078e-01	2.1764401758e+00
22                	-1.5477711362e+00	4.8050891093e-01	1.1898346386e+00	-9.5285381696e-01	2.1426884555e+00
23                	-1.5330790525e+00	5.3957272905e-01	1.1841796757e+00	-9.4098921461e-01	2.1251688904e+00
24                	-1.5275488797e+00	6.0336995290e-01	1.1824584534e+00	-9.3631965303e-01	2.1187781064e+00
25                	-1.5304295551e+00	6.5351208130e-01	1.1843115904e+00	-9.3827375988e-01	2.1225853503e+00
26                	-1.5379858619e+00	6.8190820931e-01	1.1876124704e+00	-9.4417962671e-01	2.1317920971e+00
27                	-1.5466454931e+00	6.8888117344e-01	1.1911240844e+00	-9.5108345087e-01	2.1422075353e+00
28                	-1.5561528520e+00	6.7910261997e-01	1.1950155628e+00	-9.5864507055e-01	2.1536606334e+00
29                	-1.5661995730e+00	6.5903231053e-01	1.1994771591e+00	-9.6646099342e-01	2.1659381526e+00
30                	-1.5753885756e+00	6.3559590088e-01	1.2038518905e+00	-9.7346263031e-01	2.1773145208e+00
31                	-1.5840141714e+00	6.1377611487e-01	1.2084878993e+00	-9.7977022171e-01	2.1882581210e+00
32                	-1.5923023119e+00	5.9620979711e-01	1.2135371476e+00	-9.8553373813e-01	2.1990708857e+00
33                	-1.6007663236e+00	5.8459117994e-01	1.2188918379e+00	-9.9132040466e-01	2.2102122426e+00
34                	-1.6076505460e+00	5.7931100194e-01	1.2235731889e+00	-9.9586395154e-01	2.2194371405e+00
35                	-1.6129259348e+00	5.7851005973e-01	1.2274862004e+00	-9.9918283462e-01	2.2266690350e+00
36                	-1.6169937471e+00	5.7993560673e-01	1.2306291675e+00	-1.0016791634e+00	2.2323083309e+00
37                	-1.6198253536e+00	5.8197007369e-01	1.2328878448e+00	-1.0033814311e+00	2.2362692760e+00
38                	-1.6215438268e+00	5.8321060106e-01	1.2342879561e+00	-1.0043998488e+00	2.2386878049e+00
39                	-1.6222088147e+00	5.8298569628e-01	1.2348704736e+00	-1.0047735779e+00	2.2396440516e+00
40                	-1.6221770469e+00	5.8143008547e-01	1.2349252225e+00	-1.0047144356e+00	2.2396396581e+00
41                	-1.6214238765e+00	5.7828734681e-01	1.2344721623e+00	-1.0041877953e+00	2.2386599576e+00
42                	-1.6207265712e+00	5.7380567747e-01	1.2339590957e+00	-1.0037470234e+00	2.2377061190e+00
43                	-1.6204422551e+00	5.6884494113e-01	1.2336451397e+00	-1.0036196853e+00	2.2372648250e+00
44                	-1.6206545591e+00	5.6406891433e-01	1.2336238973e+00	-1.0038426104e+00	2.2374665077e+00
45                	-1.6214168329e+00	5.5991629179e-01	1.2339581175e+00	-1.0044377742e+00	2.2383958916e+00
46                	-1.6227908049e+00	5.5655121370e-01	1.2346666586e+00	-1.0054574756e+00	2.2401241342e+00
47                	-1.6245975900e+00	5.5395371587e-01	1.2356405456e+00	-1.0067773171e+00	2.2424178628e+00
48                	-1.6266029808e+00	5.5180604144e-01	1.2367496907e+00	-1.0082281354e+00	2.2449778261e+00
49                	-1.6286351950e+00	5.4994743508e-01	1.2379053650e+00	-1.0096825125e+00	2.2475878775e+00
50                	-1.6305848219e+00	5.4823652355e-01	1.2390407986e+00	-1.0110644226e+00	2.2501052212e+00
51                	-1.6323498535e+00	5.4662284002e-01	1.2400994280e+00	-1.0123001395e+00	2.2523995675e+00
52                	-1.6338610865e+00	5.4502440378e-01	1.2410299376e+00	-1.0133461177e+00	2.2543760553e+00
53                	-1.6350639758e+00	5.4345326304e-01	1.2417978089e+00	-1.0141650713e+00	2.2559628802e+00
54                	-1.6359533635e+00	5.4189173288e-01	1.2423871326e+00	-1.0147597973e+00	2.2571469298e+00
55                	-1.6365300885e+00	5.4039104340e-01	1.2427918518e+00	-1.0151341626e+00	2.2579260144e+00
56                	-1.6368410999e+00	5.3894382134e-01	1.2430267852e+00	-1.0153277073e+00	2.2583544925e+00
57                	-1.6369432781e+00	5.3757950261e-01	1.2431245518e+00	-1.0153810022e+00	2.2585055540e+00
58                	-1.6369194840e+00	5.3627531437e-01	1.2431281401e+00	-1.0153554139e+00	2.2584835540e+00
59                	-1.6368383377e+00	5.3505221296e-01	1.2430814177e+00	-1.0152976289e+00	2.2583790466e+00
60                	-1.6367761509e+00	5.3387745581e-01	1.2430277656e+00	-1.0152622681e+00	2.2582900337e+00
61                	-1.6367778336e+00	5.3276647115e-01	1.2430031378e+00	-1.0152762647e+00	2.2582794025e+00
62                	-1.6368680615e+00	5.3170106070e-01	1.2430222841e+00	-1.0153569195e+00	2.2583792036e+00
63                	-1.6370413074e+00	5.3070075699e-01	1.2430906171e+00	-1.0154959989e+00	2.2585866160e+00
64                	-1.6372829097e+00	5.2974252051e-01	1.2431998611e+00	-1.0156829792e+00	2.2588828403e+00
65                	-1.6375609717e+00	5.2885547549e-01	1.2433392887e+00	-1.0158913273e+00	2.2592306160e+00
66                	-1.6378417267e+00	5.2802017540e-01	1.2434867949e+00	-1.0160983292e+00	2.2595851241e+00
67                	-1.6380888508e+00	5.2725692605e-01	1.2436253836e+00	-1.0162761590e+00	2.2599015426e+00
68                	-1.6382813416e+00	5.2654058671e-01	1.2437402135e+00	-1.0164112348e+00	2.2601514483e+00
69                	-1.6383964572e+00	5.2588987345e-01	1.2438178507e+00	-1.0164875318e+00	2.2603053825e+00
70                	-1.6384300075e+00	5.2527016498e-01	1.2438488100e+00	-1.0165056025e+00	2.2603544125e+00
71                	-1.6383870325e+00	5.2470687028e-01	1.2438381117e+00	-1.0164679767e+00	2.2603060884e+00
72                	-1.6382792683e+00	5.2416218105e-01	1.2437848689e+00	-1.0163868339e+00	2.2601717027e+00
73                	-1.6381221666e+00	5.2365984213e-01	1.2436986170e+00	-1.0162728581e+00	2.2599714751e+00
74                	-1.6379396367e+00	5.2317319528e-01	1.2435910000e+00	-1.0161441367e+00	2.2597351368e+00
75                	-1.6377469234e+00	5.2272312660e-01	1.2434731706e+00	-1.0160103381e+00	2.2594835087e+00
76                	-1.6375597690e+00	5.2227957413e-01	1.2433520211e+00	-1.0158837585e+00	2.2592357796e+00
77                	-1.6373910037e+00	5.2187412765e-01	1.2432415617e+00	-1.0157702228e+00	2.2590117845e+00
78                	-1.6372430251e+00	5.2147446709e-01	1.2431396735e+00	-1.0156731884e+00	2.2588128619e+00
79                	-1.6371180350e+00	5.2110966268e-01	1.2430516851e+00	-1.0155921925e+00	2.2586438775e+00
80                	-1.6370162212e+00	5.2075399367e-01	1.2429777292e+00	-1.0155273566e+00	2.2585050858e+00
81                	-1.6369316129e+00	5.2043323640e-01	1.2429178464e+00	-1.0154726897e+00	2.2583905361e+00
82                	-1.6368567957e+00	5.2012059391e-01	1.2428655930e+00	-1.0154239992e+00	2.2582895922e+00
83                	-1.6367833195e+00	5.1984243253e-01	1.2428184599e+00	-1.0153740896e+00	2.2581925494e+00
84                	-1.6367055168e+00	5.1956688537e-01	1.2427703703e+00	-1.0153203316e+00	2.2580907019e+00
85                	-1.6366178550e+00	5.1932554919e-01	1.2427206125e+00	-1.0152575488e+00	2.2579781612e+00
86                	-1.6365182926e+00	5.1908794902e-01	1.2426644656e+00	-1.0151860598e+00	2.2578505255e+00
87                	-1.6364072882e+00	5.1888216221e-01	1.2426047516e+00	-1.0151049124e+00	2.2577096640e+00
88                	-1.6362849975e+00	5.1867518044e-01	1.2425379044e+00	-1.0150160452e+00	2.2575539497e+00
89                	-1.6361510916e+00	5.1849332723e-01	1.2424643187e+00	-1.0149189322e+00	2.2573832509e+00
90                	-1.6360079131e+00	5.1830990898e-01	1.2423825504e+00	-1.0148166379e+00	2.2571991883e+00
91                	-1.6358635525e+00	5.1814611302e-01	1.2423004014e+00	-1.0147133517e+00	2.2570137532e+00
92                	-1.6357153434e+00	5.1797822633e-01	1.2422127555e+00	-1.0146089656e+00	2.2568217211e+00
93                	-1.6355690289e+00	5.1783211248e-01	1.2421236753e+00	-1.0145071912e+00	2.2566308665e+00
94                	-1.6354313366e+00	5.1767760822e-01	1.2420363775e+00	-1.0144131479e+00	2.2564495254e+00
95                	-1.6353052749e+00	5.1754729444e-01	1.2419549453e+00	-1.0143278022e+00	2.2562827475e+00
96                	-1.6351929761e+00	5.1741098775e-01	1.2418782593e+00	-1.0142538465e+00	2.2561321057e+00
97                	-1.6350999141e+00	5.1729364916e-01	1.2418132312e+00	-1.0141932985e+00	2.2560065297e+00
98                	-1.6350203327e+00	5.1717346109e-01	1.2417542199e+00	-1.0141432227e+00	2.2558974426e+00
99                	-1.6349564179e+00	5.1707324761e-01	1.2417046322e+00	-1.0141041018e+00	2.2558087340e+00
100               	-1.6349067695e+00	5.1696500464e-01	1.2416634254e+00	-1.0140750568e+00	2.2557384822e+00
101               	-1.6348681920e+00	5.1687745498e-01	1.2416309273e+00	-1.0140527283e+00	2.2556836556e+00
102               	-1.6348345971e+00	5.1678377477e-01	1.2416012679e+00	-1.0140339632e+00	2.2556352310e+00
103               	-1.6348049371e+00	5.1670753795e-01	1.2415768975e+00	-1.0140164883e+00	2.2555933858e+00
104               	-1.6347704344e+00	5.1662297298e-01	1.2415496256e+00	-1.0139956216e+00	2.2555452472e+00
105               	-1.6347300842e+00	5.1655493713e-01	1.2415207825e+00	-1.0139696930e+00	2.2554904755e+00
106               	-1.6346816097e+00	5.1647846683e-01	1.2414886260e+00	-1.0139372967e+00	2.2554259227e+00
107               	-1.6346215803e+00	5.1641706476e-01	1.2414519356e+00	-1.0138956125e+00	2.2553475481e+00
108               	-1.6345444830e+00	5.1634616927e-01	1.2414039585e+00	-1.0138425038e+00	2.2552464623e+00
109               	-1.6344563995e+00	5.1629087269e-01	1.2413518591e+00	-1.0137804700e+00	2.2551323290e+00
110               	-1.6343530390e+00	5.1622547156e-01	1.2412905890e+00	-1.0137077445e+00	2.2549983335e+00
111               	-1.6342377927e+00	5.1617526659e-01	1.2412235194e+00	-1.0136260329e+00	2.2548495524e+00
112               	-1.6341114451e+00	5.1611541563e-01	1.2411496393e+00	-1.0135366255e+00	2.2546862648e+00
113               	-1.6339756347e+00	5.1606964689e-01	1.2410709677e+00	-1.0134401508e+00	2.2545111185e+00
114               	-1.6338301045e+00	5.1601490130e-01	1.2409849682e+00	-1.0133376204e+00	2.2543225887e+00
115               	-1.6336837862e+00	5.1597434633e-01	1.2409001457e+00	-1.0132337133e+00	2.2541338590e+00
116               	-1.6335324737e+00	5.1592318405e-01	1.2408113506e+00	-1.0131267984e+00	2.2539381490e+00
117               	-1.6333809468e+00	5.1588613583e-01	1.2407226793e+00	-1.0130196071e+00	2.2537422865e+00
118               	-1.6332326676e+00	5.1583888175e-01	1.2406353157e+00	-1.0129150097e+00	2.2535503254e+00
119               	-1.6330868586e+00	5.1580670420e-01	1.2405502979e+00	-1.0128117096e+00	2.2533620076e+00
120               	-1.6329428334e+00	5.1576277501e-01	1.2404641352e+00	-1.0127107658e+00	2.2531749010e+00
121               	-1.6328088248e+00	5.1573241146e-01	1.2403851613e+00	-1.0126162442e+00	2.2530014055e+00
122               	-1.6326786039e+00	5.1569273282e-01	1.2403074423e+00	-1.0125248827e+00	2.2528323251e+00
123               	-1.6325564792e+00	5.1566602635e-01	1.2402346858e+00	-1.0124391363e+00	2.2526738221e+00
124               	-1.6324445464e+00	5.1562686597e-01	1.2401673577e+00	-1.0123608676e+00	2.2525282253e+00
125               	-1.6323388076e+00	5.1560357491e-01	1.2401047531e+00	-1.0122864311e+00	2.2523911842e+00
126               	-1.6322375620e+00	5.1556826697e-01	1.2400427114e+00	-1.0122162063e+00	2.2522589177e+00
127               	-1.6321481616e+00	5.1554602235e-01	1.2399892002e+00	-1.0121535615e+00	2.2521427617e+00
128               	-1.6320629340e+00	5.1551415246e-01	1.2399373929e+00	-1.0120942376e+00	2.2520316305e+00
129               	-1.6319853722e+00	5.1549378646e-01	1.2398904543e+00	-1.0120401451e+00	2.2519305994e+00
130               	-1.6319159045e+00	5.1546277557e-01	1.2398480249e+00	-1.0119918920e+00	2.2518399170e+00
131               	-1.6318517600e+00	5.1544507889e-01	1.2398099748e+00	-1.0119467726e+00	2.2517567474e+00
132               	-1.6317888645e+00	5.1541681393e-01	1.2397708866e+00	-1.0119034212e+00	2.2516743078e+00
133               	-1.6317349020e+00	5.1540068936e-01	1.2397386563e+00	-1.0118655739e+00	2.2516042302e+00
134               	-1.6316825189e+00	5.1537371653e-01	1.2397067574e+00	-1.0118291402e+00	2.2515358976e+00
135               	-1.6316349291e+00	5.1535874072e-01	1.2396782246e+00	-1.0117958168e+00	2.2514740414e+00
136               	-1.6315919505e+00	5.1533377112e-01	1.2396521504e+00	-1.0117658753e+00	2.2514180257e+00
137               	-1.6315517984e+00	5.1532027134e-01	1.2396289304e+00	-1.0117373332e+00	2.2513662636e+00
138               	-1.6315105561e+00	5.1529686621e-01	1.2396033804e+00	-1.0117088659e+00	2.2513122463e+00
139               	-1.6314757200e+00	5.1528497639e-01	1.2395830548e+00	-1.0116841926e+00	2.2512672474e+00
140               	-1.6314406120e+00	5.1526263582e-01	1.2395620429e+00	-1.0116595906e+00	2.2512216335e+00
141               	-1.6314081384e+00	5.1525104941e-01	1.2395428332e+00	-1.0116367218e+00	2.2511795550e+00
142               	-1.6313779061e+00	5.1523162045e-01	1.2395247815e+00	-1.0116155153e+00	2.2511402968e+00
143               	-1.6313502715e+00	5.1522208327e-01	1.2395092122e+00	-1.0115956654e+00	2.2511048776e+00
144               	-1.6313205233e+00	5.1520295472e-01	1.2394908180e+00	-1.0115751143e+00	2.2510659322e+00
145               	-1.6312959872e+00	5.1519492441e-01	1.2394766915e+00	-1.0115576414e+00	2.2510343330e+00
146               	-1.6312708440e+00	5.1517645261e-01	1.2394617031e+00	-1.0115399924e+00	2.2510016955e+00
147               	-1.6312479403e+00	5.1516968001e-01	1.2394484314e+00	-1.0115237246e+00	2.2509721560e+00
148               	-1.6312270791e+00	5.1515313817e-01	1.2394359942e+00	-1.0115090820e+00	2.2509450762e+00
149               	-1.6312080869e+00	5.1514660861e-01	1.2394257454e+00	-1.0114952142e+00	2.2509209596e+00
150               	-1.6311871107e+00	5.1513107336e-01	1.2394127744e+00	-1.0114807235e+00	2.2508934979e+00
151               	-1.6311703820e+00	5.1512605647e-01	1.2394035543e+00	-1.0114686048e+00	2.2508721592e+00
152               	-1.6311530998e+00	5.1511056131e-01	1.2393934958e+00	-1.0114563519e+00	2.2508498477e+00
153               	-1.6311369779e+00	5.1510621944e-01	1.2393845849e+00	-1.0114446854e+00	2.2508292703e+00
154               	-1.6311220317e+00	5.1509256258e-01	1.2393759296e+00	-1.0114340669e+00	2.2508099965e+00
155               	-1.6311086712e+00	5.1508891393e-01	1.2393693571e+00	-1.0114239927e+00	2.2507933498e+00
156               	-1.6310931892e+00	5.1507577448e-01	1.2393600590e+00	-1.0114131597e+00	2.2507732187e+00
157               	-1.6310807936e+00	5.1507237742e-01	1.2393537969e+00	-1.0114038951e+00	2.2507576920e+00
158               	-1.6310670833e+00	5.1506059412e-01	1.2393463139e+00	-1.0113939264e+00	2.2507402403e+00
159               	-1.6310542717e+00	5.1505926451e-01	1.2393397769e+00	-1.0113843833e+00	2.2507241602e+00
160               	-1.6310425841e+00	5.1504675481e-01	1.2393332693e+00	-1.0113759494e+00	2.2507092188e+00
161               	-1.6310315985e+00	5.1504514698e-01	1.2393283723e+00	-1.0113674124e+00	2.2506957847e+00
162               	-1.6310187123e+00	5.1503506329e-01	1.2393208782e+00	-1.0113582732e+00	2.2506791514e+00
163               	-1.6310089746e+00	5.1503332056e-01	1.2393164534e+00	-1.0113507479e+00	2.2506672014e+00
164               	-1.6309980369e+00	5.1502261583e-01	1.2393108324e+00	-1.0113426207e+00	2.2506534531e+00
165               	-1.6309878104e+00	5.1502277554e-01	1.2393061832e+00	-1.0113347188e+00	2.2506409020e+00
166               	-1.6309783011e+00	5.1501183030e-01	1.2393013313e+00	-1.0113276355e+00	2.2506289668e+00
167               	-1.6309699981e+00	5.1501105752e-01	1.2392983439e+00	-1.0113208262e+00	2.2506191701e+00
168               	-1.6309593296e+00	5.1500281985e-01	1.2392926763e+00	-1.0113129914e+00	2.2506056677e+00
169               	-1.6309513392e+00	5.1500199908e-01	1.2392897102e+00	-1.0113064841e+00	2.2505961943e+00
170               	-1.6309422112e+00	5.1499287482e-01	1.2392855054e+00	-1.0112994585e+00	2.2505849639e+00
171               	-1.6309336988e+00	5.1499446316e-01	1.2392821815e+00	-1.0112926081e+00	2.2505747896e+00
172               	-1.6309256892e+00	5.1498411796e-01	1.2392783706e+00	-1.0112865039e+00	2.2505648744e+00
173               	-1.6309187477e+00	5.1498546310e-01	1.2392764486e+00	-1.0112805234e+00	2.2505569720e+00
174               	-1.6309099618e+00	5.1497804388e-01	1.2392719210e+00	-1.0112740013e+00	2.2505459223e+00
175               	-1.6309036877e+00	5.1497832114e-01	1.2392699593e+00	-1.0112687080e+00	2.2505386673e+00
176               	-1.6308960263e+00	5.1496999036e-01	1.2392667852e+00	-1.0112626337e+00	2.2505294189e+00
177               	-1.6308886900e+00	5.1497236295e-01	1.2392642330e+00	-1.0112565735e+00	2.2505208065e+00
178               	-1.6308815581e+00	5.1496347067e-01	1.2392609972e+00	-1.0112510595e+00	2.2505120567e+00
179               	-1.6308754882e+00	5.1496572352e-01	1.2392596443e+00	-1.0112456661e+00	2.2505053104e+00
180               	-1.6308672084e+00	5.1495922340e-01	1.2392556666e+00	-1.0112393751e+00	2.2504950417e+00
181               	-1.6308615120e+00	5.1496063398e-01	1.2392541111e+00	-1.0112344565e+00	2.2504885676e+00
182               	-1.6308545296e+00	5.1495386352e-01	1.2392513601e+00	-1.0112288495e+00	2.2504802096e+00
183               	-1.6308479679e+00	5.1495759786e-01	1.2392492131e+00	-1.0112233613e+00	2.2504725744e+00
184               	-1.6308415525e+00	5.1494953037e-01	1.2392463173e+00	-1.0112183939e+00	2.2504647112e+00
185               	-1.6308361115e+00	5.1495263702e-01	1.2392452987e+00	-1.0112134621e+00	2.2504587609e+00
186               	-1.6308288048e+00	5.1494730530e-01	1.2392416840e+00	-1.0112079628e+00	2.2504496468e+00
187               	-1.6308240485e+00	5.1494978928e-01	1.2392403406e+00	-1.0112038782e+00	2.2504442188e+00
188               	-1.6308179097e+00	5.1494339299e-01	1.2392378133e+00	-1.0111990030e+00	2.2504368163e+00
189               	-1.6308124219e+00	5.1494790352e-01	1.2392359941e+00	-1.0111944248e+00	2.2504304189e+00
190               	-1.6308071928e+00	5.1494076450e-01	1.2392334011e+00	-1.0111904922e+00	2.2504238933e+00
191               	-1.6308030883e+00	5.1494464156e-01	1.2392326671e+00	-1.0111867548e+00	2.2504194219e+00
192               	-1.6307968174e+00	5.1493881575e-01	1.2392292402e+00	-1.0111821973e+00	2.2504114375e+00
193               	-1.6307932630e+00	5.1494230899e-01	1.2392283976e+00	-1.0111790642e+00	2.2504074618e+00
194               	-1.6307887041e+00	5.1493709791e-01	1.2392266017e+00	-1.0111754033e+00	2.2504020050e+00
195               	-1.6307851275e+00	5.1494094833e-01	1.2392255577e+00	-1.0111723486e+00	2.2503979063e+00
196               	-1.6307812499e+00	5.1493382169e-01	1.2392235690e+00	-1.0111694654e+00	2.2503930345e+00
197               	-1.6307786949e+00	5.1493838071e-01	1.2392237542e+00	-1.0111668177e+00	2.2503905720e+00
198               	-1.6307745912e+00	5.1493168831e-01	1.2392214361e+00	-1.0111638732e+00	2.2503853093e+00
199               	-1.6307725359e+00	5.1493541960e-01	1.2392213534e+00	-1.0111618592e+00	2.2503832126e+00
200               	-1.6307690220e+00	5.1493065488e-01	1.2392201184e+00	-1.0111589628e+00	2.2503790812e+00
