# Force coefficients
# liftDir         : (0.0000000000e+00 0.0000000000e+00 1.0000000000e+00)
# dragDir         : (1.0000000000e+00 0.0000000000e+00 0.0000000000e+00)
# pitchAxis       : (0.0000000000e+00 1.0000000000e+00 0.0000000000e+00)
# magUInf         : 5.0000000000e+00
# lRef            : 1.0000000000e+01
# Aref            : 1.0000000000e+01
# CofR            : (0.0000000000e+00 0.0000000000e+00 0.0000000000e+00)
# Time            	Cm                	Cd                	Cl                	Cl(f)             	Cl(r)             
0                 	-3.6906496533e-03	3.2733201719e-01	7.0378264073e-04	-3.3387583330e-03	4.0425409737e-03
1                 	-3.7377465941e+00	5.9586640986e+00	2.4432027416e+00	-2.5161452234e+00	4.9593479649e+00
2                 	-5.5871948094e+00	8.3071770742e+00	3.6953307220e+00	-3.7395294484e+00	7.4348601704e+00
3                 	-5.8273963536e+00	7.9298322880e+00	3.8968929291e+00	-3.8789498891e+00	7.7758428182e+00
4                 	-5.0852922930e+00	5.7936621208e+00	3.4606422293e+00	-3.3549711784e+00	6.8156134077e+00
5                 	-3.8805615357e+00	3.0279726888e+00	2.7133434844e+00	-2.5238897935e+00	5.2372332779e+00
6                 	-2.6630520229e+00	5.4032588309e-01	1.9467684296e+00	-1.6896678081e+00	3.6364362377e+00
7                 	-1.7202513680e+00	-1.1296815773e+00	1.3509478724e+00	-1.0447774318e+00	2.3957253042e+00
8                 	-1.1416541956e+00	-1.8351815067e+00	9.8506481974e-01	-6.4912178569e-01	1.6341866054e+00
9                 	-9.2844013598e-01	-1.7227113690e+00	8.5030676539e-01	-5.0328675329e-01	1.3535935187e+00
10                	-9.6963217150e-01	-1.0733947059e+00	8.7221563056e-01	-5.3352435622e-01	1.4057399868e+00
11                	-1.1543785336e+00	-2.2568074520e-01	9.8423917317e-01	-6.6225894702e-01	1.6464981202e+00
12                	-1.3989549800e+00	5.4411916533e-01	1.1333611898e+00	-8.3227438504e-01	1.9656355749e+00
13                	-1.6353310872e+00	1.0658658101e+00	1.2748871720e+00	-9.9788750125e-01	2.2727746732e+00
14                	-1.8192414615e+00	1.2901435709e+00	1.3810022371e+00	-1.1287403429e+00	2.5097425801e+00
15                	-1.9279794583e+00	1.2640907482e+00	1.4409290025e+00	-1.2075149571e+00	2.6484439595e+00
16                	-1.9746852685e+00	1.0742135911e+00	1.4658545199e+00	-1.2417580086e+00	2.7076125285e+00
17                	-1.9772329305e+00	8.1410817886e-01	1.4666183965e+00	-1.2439237323e+00	2.7105421288e+00
18                	-1.9535871305e+00	5.6522673585e-01	1.4536450856e+00	-1.2267645877e+00	2.6804096734e+00
19                	-1.9144880100e+00	3.8498594696e-01	1.4332763552e+00	-1.1978498324e+00	2.6311261876e+00
20                	-1.8713242057e+00	2.9332371313e-01	1.4123777139e+00	-1.1651353487e+00	2.5775130627e+00
21                	-1.8368997865e+00	2.7812721143e-01	1.3968954239e+00	-1.1384520746e+00	2.5353474984e+00
22                	-1.8144798721e+00	3.1595854706e-01	1.3884586634e+00	-1.1202505404e+00	2.5087092038e+00
23                	-1.7976975064e+00	3.8294884986e-01	1.3808316586e+00	-1.1072816771e+00	2.4881133357e+00
24                	-1.7907968533e+00	4.5068746549e-01	1.3779583248e+00	-1.1018176908e+00	2.4797760157e+00
25                	-1.7912560980e+00	5.0237727131e-01	1.3781018205e+00	-1.1022051877e+00	2.4803070082e+00
26                	-1.7966702890e+00	5.3040014890e-01	1.3799718366e+00	-1.1066843707e+00	2.4866562072e+00
27                	-1.8044546125e+00	5.3544500344e-01	1.3827610694e+00	-1.1130740778e+00	2.4958351472e+00
28                	-1.8121412290e+00	5.2358094692e-01	1.3852363959e+00	-1.1195230310e+00	2.5047594269e+00
29                	-1.8212658272e+00	5.0120244693e-01	1.3894011804e+00	-1.1265652370e+00	2.5159664174e+00
30                	-1.8323903156e+00	4.7435314592e-01	1.3955317796e+00	-1.1346244258e+00	2.5301562053e+00
31                	-1.8429677831e+00	4.5038687282e-01	1.4019167420e+00	-1.1420094121e+00	2.5439261541e+00
32                	-1.8524671820e+00	4.3263758795e-01	1.4081404604e+00	-1.1483969518e+00	2.5565374122e+00
33                	-1.8602020063e+00	4.2210901407e-01	1.4136256272e+00	-1.1533891927e+00	2.5670148199e+00
34                	-1.8664434646e+00	4.1796434122e-01	1.4182133186e+00	-1.1573368053e+00	2.5755501239e+00
35                	-1.8709137463e+00	4.1854387714e-01	1.4219251942e+00	-1.1599511492e+00	2.5818763434e+00
36                	-1.8741677625e+00	4.2086463995e-01	1.4246356834e+00	-1.1618499208e+00	2.5864856042e+00
37                	-1.8762822812e+00	4.2327498304e-01	1.4263821863e+00	-1.1630911880e+00	2.5894733744e+00
38                	-1.8774673101e+00	4.2453039244e-01	1.4273428738e+00	-1.1637958732e+00	2.5911387470e+00
39                	-1.8779098917e+00	4.2418643733e-01	1.4276565382e+00	-1.1640816226e+00	2.5917381608e+00
40                	-1.8777539288e+00	4.2225560569e-01	1.4275213184e+00	-1.1639932696e+00	2.5915145880e+00
41                	-1.8773650271e+00	4.1860761615e-01	1.4272499721e+00	-1.1637400411e+00	2.5909900132e+00
42                	-1.8772171874e+00	4.1380037966e-01	1.4271929820e+00	-1.1636206964e+00	2.5908136784e+00
43                	-1.8774269458e+00	4.0870646816e-01	1.4274106819e+00	-1.1637216049e+00	2.5911322868e+00
44                	-1.8778841425e+00	4.0393596478e-01	1.4278099263e+00	-1.1639791794e+00	2.5917891057e+00
45                	-1.8785011108e+00	3.9983492048e-01	1.4283358770e+00	-1.1643331723e+00	2.5926690493e+00
46                	-1.8792601083e+00	3.9650526438e-01	1.4289561108e+00	-1.1647820529e+00	2.5937381637e+00
47                	-1.8801202422e+00	3.9400923625e-01	1.4295949332e+00	-1.1653227756e+00	2.5949177088e+00
48                	-1.8809563319e+00	3.9195425780e-01	1.4301757393e+00	-1.1658684622e+00	2.5960442015e+00
49                	-1.8817061010e+00	3.9013153727e-01	1.4306656596e+00	-1.1663732712e+00	2.5970389308e+00
50                	-1.8823550039e+00	3.8835324844e-01	1.4310629098e+00	-1.1668235490e+00	2.5978864588e+00
51                	-1.8829406959e+00	3.8658104062e-01	1.4313975724e+00	-1.1672419097e+00	2.5986394821e+00
52                	-1.8835004934e+00	3.8478782148e-01	1.4316976332e+00	-1.1676516768e+00	2.5993493101e+00
53                	-1.8840597343e+00	3.8303126439e-01	1.4319921554e+00	-1.1680636566e+00	2.6000558120e+00
54                	-1.8845966979e+00	3.8129196963e-01	1.4322836554e+00	-1.1684548702e+00	2.6007385256e+00
55                	-1.8850750101e+00	3.7961430478e-01	1.4325556676e+00	-1.1687971763e+00	2.6013528439e+00
56                	-1.8854691575e+00	3.7797211997e-01	1.4327972672e+00	-1.1690705238e+00	2.6018677911e+00
57                	-1.8857769357e+00	3.7641748306e-01	1.4330056660e+00	-1.1692741026e+00	2.6022797687e+00
58                	-1.8859897736e+00	3.7492914651e-01	1.4331684248e+00	-1.1694055612e+00	2.6025739860e+00
59                	-1.8861239697e+00	3.7354827261e-01	1.4332882155e+00	-1.1694798619e+00	2.6027680774e+00
60                	-1.8861874455e+00	3.7224788993e-01	1.4333642466e+00	-1.1695053222e+00	2.6028695688e+00
61                	-1.8862030992e+00	3.7106028969e-01	1.4334076542e+00	-1.1694992721e+00	2.6029069264e+00
62                	-1.8861653273e+00	3.6993775622e-01	1.4334137028e+00	-1.1694584760e+00	2.6028721787e+00
63                	-1.8860887329e+00	3.6890015361e-01	1.4333937773e+00	-1.1693918442e+00	2.6027856216e+00
64                	-1.8859698218e+00	3.6790517772e-01	1.4333512767e+00	-1.1692941834e+00	2.6026454601e+00
65                	-1.8858043551e+00	3.6697980830e-01	1.4332836735e+00	-1.1691625184e+00	2.6024461918e+00
66                	-1.8855834538e+00	3.6608396613e-01	1.4331888409e+00	-1.1689890334e+00	2.6021778742e+00
67                	-1.8853121621e+00	3.6525315872e-01	1.4330705501e+00	-1.1687768870e+00	2.6018474371e+00
68                	-1.8849706902e+00	3.6445238000e-01	1.4329145273e+00	-1.1685134266e+00	2.6014279538e+00
69                	-1.8845697064e+00	3.6371236656e-01	1.4327263218e+00	-1.1682065455e+00	2.6009328673e+00
70                	-1.8841095858e+00	3.6300025051e-01	1.4325068168e+00	-1.1678561774e+00	2.6003629942e+00
71                	-1.8836025274e+00	3.6234997744e-01	1.4322578416e+00	-1.1674736066e+00	2.5997314482e+00
72                	-1.8830551011e+00	3.6172167941e-01	1.4319833654e+00	-1.1670634184e+00	2.5990467838e+00
73                	-1.8824904855e+00	3.6114364022e-01	1.4316947011e+00	-1.1666431349e+00	2.5983378360e+00
74                	-1.8819164522e+00	3.6058177630e-01	1.4313954020e+00	-1.1662187511e+00	2.5976141532e+00
75                	-1.8813599833e+00	3.6007001267e-01	1.4311006679e+00	-1.1658096493e+00	2.5969103172e+00
76                	-1.8808251459e+00	3.5956964912e-01	1.4308148292e+00	-1.1654177314e+00	2.5962325605e+00
77                	-1.8803315881e+00	3.5911032957e-01	1.4305488660e+00	-1.1650571550e+00	2.5956060211e+00
78                	-1.8798782232e+00	3.5865838843e-01	1.4303025580e+00	-1.1647269442e+00	2.5950295022e+00
79                	-1.8794801747e+00	3.5824993293e-01	1.4300851960e+00	-1.1644375767e+00	2.5945227726e+00
80                	-1.8791310476e+00	3.5784775947e-01	1.4298974363e+00	-1.1641823294e+00	2.5940797657e+00
81                	-1.8788267724e+00	3.5748480943e-01	1.4297341172e+00	-1.1639597138e+00	2.5936938310e+00
82                	-1.8785556616e+00	3.5712702136e-01	1.4295909313e+00	-1.1637601960e+00	2.5933511272e+00
83                	-1.8783177463e+00	3.5680554475e-01	1.4294687377e+00	-1.1635833775e+00	2.5930521152e+00
84                	-1.8780903801e+00	3.5648722890e-01	1.4293539272e+00	-1.1634134164e+00	2.5927673437e+00
85                	-1.8778764598e+00	3.5620407654e-01	1.4292471519e+00	-1.1632528839e+00	2.5925000357e+00
86                	-1.8776644826e+00	3.5592501626e-01	1.4291439364e+00	-1.1630925143e+00	2.5922364508e+00
87                	-1.8774528881e+00	3.5568270262e-01	1.4290398524e+00	-1.1629329620e+00	2.5919728143e+00
88                	-1.8772345993e+00	3.5544219343e-01	1.4289317916e+00	-1.1627687035e+00	2.5917004951e+00
89                	-1.8770185319e+00	3.5523323112e-01	1.4288251231e+00	-1.1626059703e+00	2.5914310935e+00
90                	-1.8767922820e+00	3.5502086283e-01	1.4287115483e+00	-1.1624365078e+00	2.5911480561e+00
91                	-1.8765679104e+00	3.5483948327e-01	1.4285964029e+00	-1.1622697089e+00	2.5908661118e+00
92                	-1.8763412132e+00	3.5465238416e-01	1.4284794014e+00	-1.1621015126e+00	2.5905809139e+00
93                	-1.8761159681e+00	3.5449010298e-01	1.4283599021e+00	-1.1619360170e+00	2.5902959191e+00
94                	-1.8758913304e+00	3.5432150709e-01	1.4282385130e+00	-1.1617720739e+00	2.5900105869e+00
95                	-1.8756788356e+00	3.5418020612e-01	1.4281231689e+00	-1.1616172511e+00	2.5897404200e+00
96                	-1.8754674282e+00	3.5403059598e-01	1.4280072999e+00	-1.1614637783e+00	2.5894710782e+00
97                	-1.8752678573e+00	3.5390648833e-01	1.4278967770e+00	-1.1613194688e+00	2.5892162458e+00
98                	-1.8750741626e+00	3.5377404730e-01	1.4277906880e+00	-1.1611788186e+00	2.5889695066e+00
99                	-1.8748874664e+00	3.5366561099e-01	1.4276878501e+00	-1.1610435413e+00	2.5887313914e+00
100               	-1.8747022794e+00	3.5354724004e-01	1.4275857484e+00	-1.1609094052e+00	2.5884951536e+00
101               	-1.8745246532e+00	3.5345168242e-01	1.4274890389e+00	-1.1607801337e+00	2.5882691726e+00
102               	-1.8743411465e+00	3.5334387597e-01	1.4273891276e+00	-1.1606465827e+00	2.5880357103e+00
103               	-1.8741591257e+00	3.5326059750e-01	1.4272894772e+00	-1.1605143871e+00	2.5878038642e+00
104               	-1.8739717208e+00	3.5316406226e-01	1.4271877823e+00	-1.1603778297e+00	2.5875656120e+00
105               	-1.8737780556e+00	3.5308713671e-01	1.4270812943e+00	-1.1602374084e+00	2.5873187028e+00
106               	-1.8735751183e+00	3.5299707455e-01	1.4269684659e+00	-1.1600908853e+00	2.5870593512e+00
107               	-1.8733725240e+00	3.5292904345e-01	1.4268559444e+00	-1.1599445518e+00	2.5868004962e+00
108               	-1.8731583746e+00	3.5284567082e-01	1.4267354639e+00	-1.1597906426e+00	2.5865261065e+00
109               	-1.8729433096e+00	3.5278337254e-01	1.4266125871e+00	-1.1596370161e+00	2.5862496032e+00
110               	-1.8727259312e+00	3.5270696011e-01	1.4264886235e+00	-1.1594816195e+00	2.5859702429e+00
111               	-1.8725064080e+00	3.5265010665e-01	1.4263617178e+00	-1.1593255491e+00	2.5856872669e+00
112               	-1.8722840205e+00	3.5257859136e-01	1.4262317920e+00	-1.1591681245e+00	2.5853999165e+00
113               	-1.8720707071e+00	3.5252683077e-01	1.4261072593e+00	-1.1590170775e+00	2.5851243368e+00
114               	-1.8718531983e+00	3.5245933541e-01	1.4259793639e+00	-1.1588635164e+00	2.5848428803e+00
115               	-1.8716440869e+00	3.5241332405e-01	1.4258551933e+00	-1.1587164902e+00	2.5845716835e+00
116               	-1.8714419609e+00	3.5235185807e-01	1.4257361265e+00	-1.1585738977e+00	2.5843100241e+00
117               	-1.8712444012e+00	3.5230877993e-01	1.4256186665e+00	-1.1584350680e+00	2.5840537344e+00
118               	-1.8710501281e+00	3.5225065778e-01	1.4255027618e+00	-1.1582987472e+00	2.5838015090e+00
119               	-1.8708722206e+00	3.5221329532e-01	1.4253974789e+00	-1.1581734812e+00	2.5835709600e+00
120               	-1.8706931579e+00	3.5215866692e-01	1.4252912537e+00	-1.1580475311e+00	2.5833387847e+00
121               	-1.8705255124e+00	3.5212535956e-01	1.4251910911e+00	-1.1579299669e+00	2.5831210579e+00
122               	-1.8703678670e+00	3.5207557515e-01	1.4250983051e+00	-1.1578187145e+00	2.5829170196e+00
123               	-1.8702156232e+00	3.5204435020e-01	1.4250082003e+00	-1.1577115231e+00	2.5827197234e+00
124               	-1.8700670524e+00	3.5199739745e-01	1.4249201324e+00	-1.1576069862e+00	2.5825271186e+00
125               	-1.8699351671e+00	3.5197053897e-01	1.4248431078e+00	-1.1575136132e+00	2.5823567210e+00
126               	-1.8698013956e+00	3.5192649836e-01	1.4247649787e+00	-1.1574189062e+00	2.5821838849e+00
127               	-1.8696773048e+00	3.5190202383e-01	1.4246920593e+00	-1.1573312751e+00	2.5820233344e+00
128               	-1.8695611755e+00	3.5186284962e-01	1.4246254541e+00	-1.1572484485e+00	2.5818739026e+00
129               	-1.8694488970e+00	3.5183977918e-01	1.4245606504e+00	-1.1571685718e+00	2.5817292222e+00
130               	-1.8693378481e+00	3.5180187855e-01	1.4244965498e+00	-1.1570895732e+00	2.5815861230e+00
131               	-1.8692402701e+00	3.5178374820e-01	1.4244415384e+00	-1.1570195009e+00	2.5814610392e+00
132               	-1.8691388200e+00	3.5174690551e-01	1.4243840839e+00	-1.1569467780e+00	2.5813308619e+00
133               	-1.8690441924e+00	3.5172925715e-01	1.4243300683e+00	-1.1568791582e+00	2.5812092265e+00
134               	-1.8689548363e+00	3.5169592239e-01	1.4242805678e+00	-1.1568145524e+00	2.5810951202e+00
135               	-1.8688682215e+00	3.5168031157e-01	1.4242322279e+00	-1.1567521075e+00	2.5809843354e+00
136               	-1.8687805560e+00	3.5164831524e-01	1.4241830399e+00	-1.1566890361e+00	2.5808720759e+00
137               	-1.8687042946e+00	3.5163491572e-01	1.4241413382e+00	-1.1566336255e+00	2.5807749637e+00
138               	-1.8686235157e+00	3.5160489822e-01	1.4240970017e+00	-1.1565750148e+00	2.5806720165e+00
139               	-1.8685482777e+00	3.5159342156e-01	1.4240551800e+00	-1.1565206877e+00	2.5805758678e+00
140               	-1.8684766868e+00	3.5156448102e-01	1.4240164579e+00	-1.1564684578e+00	2.5804849158e+00
141               	-1.8684082155e+00	3.5155392435e-01	1.4239790160e+00	-1.1564187075e+00	2.5803977235e+00
142               	-1.8683381873e+00	3.5152747917e-01	1.4239401891e+00	-1.1563680927e+00	2.5803082818e+00
143               	-1.8682783537e+00	3.5151812480e-01	1.4239079290e+00	-1.1563243892e+00	2.5802323182e+00
144               	-1.8682146949e+00	3.5149244293e-01	1.4238732913e+00	-1.1562780493e+00	2.5801513406e+00
145               	-1.8681566697e+00	3.5148448134e-01	1.4238410134e+00	-1.1562361630e+00	2.5800771764e+00
146               	-1.8681017506e+00	3.5146064266e-01	1.4238114221e+00	-1.1561960396e+00	2.5800074616e+00
147               	-1.8680508182e+00	3.5145472636e-01	1.4237836713e+00	-1.1561589826e+00	2.5799426538e+00
148               	-1.8679977795e+00	3.5143134235e-01	1.4237539997e+00	-1.1561207797e+00	2.5798747794e+00
149               	-1.8679547940e+00	3.5142644245e-01	1.4237306734e+00	-1.1560894573e+00	2.5798201306e+00
150               	-1.8679084616e+00	3.5140479244e-01	1.4237053422e+00	-1.1560557905e+00	2.5797611327e+00
151               	-1.8678672770e+00	3.5140070832e-01	1.4236821294e+00	-1.1560262123e+00	2.5797083417e+00
152               	-1.8678277351e+00	3.5138026007e-01	1.4236606800e+00	-1.1559973951e+00	2.5796580751e+00
153               	-1.8677927212e+00	3.5137725786e-01	1.4236415476e+00	-1.1559719474e+00	2.5796134949e+00
154               	-1.8677550313e+00	3.5135834026e-01	1.4236204409e+00	-1.1559448109e+00	2.5795652518e+00
155               	-1.8677258796e+00	3.5135716045e-01	1.4236047669e+00	-1.1559234962e+00	2.5795282631e+00
156               	-1.8676930631e+00	3.5133805551e-01	1.4235869264e+00	-1.1558995999e+00	2.5794865264e+00
157               	-1.8676652051e+00	3.5133727498e-01	1.4235712050e+00	-1.1558796026e+00	2.5794508076e+00
158               	-1.8676363582e+00	3.5131959027e-01	1.4235557698e+00	-1.1558584733e+00	2.5794142431e+00
159               	-1.8676121860e+00	3.5131944196e-01	1.4235427538e+00	-1.1558408091e+00	2.5793835629e+00
160               	-1.8675841585e+00	3.5130300458e-01	1.4235270580e+00	-1.1558206295e+00	2.5793476875e+00
161               	-1.8675635448e+00	3.5130436969e-01	1.4235161547e+00	-1.1558054675e+00	2.5793216221e+00
162               	-1.8675391010e+00	3.5128791936e-01	1.4235029994e+00	-1.1557876013e+00	2.5792906007e+00
163               	-1.8675194107e+00	3.5128964155e-01	1.4234918738e+00	-1.1557734737e+00	2.5792653476e+00
164               	-1.8674990753e+00	3.5127420363e-01	1.4234810713e+00	-1.1557585396e+00	2.5792396109e+00
165               	-1.8674830215e+00	3.5127655338e-01	1.4234726007e+00	-1.1557467212e+00	2.5792193218e+00
166               	-1.8674640077e+00	3.5126247162e-01	1.4234620704e+00	-1.1557329725e+00	2.5791950429e+00
167               	-1.8674514942e+00	3.5126583079e-01	1.4234559176e+00	-1.1557235355e+00	2.5791794530e+00
168               	-1.8674346343e+00	3.5125117028e-01	1.4234473298e+00	-1.1557109694e+00	2.5791582992e+00
169               	-1.8674224418e+00	3.5125467213e-01	1.4234409400e+00	-1.1557019718e+00	2.5791429118e+00
170               	-1.8674083801e+00	3.5124084843e-01	1.4234342808e+00	-1.1556912397e+00	2.5791255205e+00
171               	-1.8673976515e+00	3.5124438795e-01	1.4234294732e+00	-1.1556829149e+00	2.5791123881e+00
172               	-1.8673832307e+00	3.5123150009e-01	1.4234221822e+00	-1.1556721395e+00	2.5790943218e+00
173               	-1.8673748351e+00	3.5123580551e-01	1.4234188206e+00	-1.1556654248e+00	2.5790842454e+00
174               	-1.8673618142e+00	3.5122218732e-01	1.4234129276e+00	-1.1556553503e+00	2.5790682780e+00
175               	-1.8673530759e+00	3.5122657103e-01	1.4234088467e+00	-1.1556486525e+00	2.5790574992e+00
176               	-1.8673417612e+00	3.5121372174e-01	1.4234039323e+00	-1.1556397950e+00	2.5790437273e+00
177               	-1.8673340946e+00	3.5121834269e-01	1.4234010582e+00	-1.1556335655e+00	2.5790346237e+00
178               	-1.8673226767e+00	3.5120667341e-01	1.4233957036e+00	-1.1556248249e+00	2.5790205285e+00
179               	-1.8673167919e+00	3.5121220125e-01	1.4233939457e+00	-1.1556198191e+00	2.5790137648e+00
180               	-1.8673059349e+00	3.5119979298e-01	1.4233894714e+00	-1.1556111991e+00	2.5790006706e+00
181               	-1.8672996963e+00	3.5120554230e-01	1.4233870402e+00	-1.1556061762e+00	2.5789932164e+00
182               	-1.8672910143e+00	3.5119426307e-01	1.4233837753e+00	-1.1555991267e+00	2.5789829020e+00
183               	-1.8672856237e+00	3.5119976733e-01	1.4233823471e+00	-1.1555944502e+00	2.5789767973e+00
184               	-1.8672762856e+00	3.5118956669e-01	1.4233782225e+00	-1.1555871743e+00	2.5789653969e+00
185               	-1.8672726013e+00	3.5119658334e-01	1.4233776366e+00	-1.1555837830e+00	2.5789614196e+00
186               	-1.8672638655e+00	3.5118555375e-01	1.4233742502e+00	-1.1555767404e+00	2.5789509906e+00
187               	-1.8672594217e+00	3.5119231978e-01	1.4233726646e+00	-1.1555730894e+00	2.5789457540e+00
188               	-1.8672518520e+00	3.5118184547e-01	1.4233697584e+00	-1.1555669728e+00	2.5789367312e+00
189               	-1.8672479824e+00	3.5118834284e-01	1.4233689171e+00	-1.1555635239e+00	2.5789324410e+00
190               	-1.8672401781e+00	3.5117889484e-01	1.4233654523e+00	-1.1555574520e+00	2.5789229043e+00
191               	-1.8672377630e+00	3.5118614361e-01	1.4233653024e+00	-1.1555551119e+00	2.5789204142e+00
192               	-1.8672302530e+00	3.5117544145e-01	1.4233623984e+00	-1.1555490538e+00	2.5789114522e+00
193               	-1.8672274441e+00	3.5118244740e-01	1.4233615615e+00	-1.1555466634e+00	2.5789082249e+00
194               	-1.8672214994e+00	3.5117238814e-01	1.4233594322e+00	-1.1555417833e+00	2.5789012155e+00
195               	-1.8672190383e+00	3.5117914813e-01	1.4233593029e+00	-1.1555393869e+00	2.5788986898e+00
196               	-1.8672125067e+00	3.5116975343e-01	1.4233564363e+00	-1.1555342885e+00	2.5788907248e+00
197               	-1.8672115385e+00	3.5117725171e-01	1.4233570003e+00	-1.1555330383e+00	2.5788900386e+00
198               	-1.8672055876e+00	3.5116688466e-01	1.4233549508e+00	-1.1555281122e+00	2.5788830630e+00
199               	-1.8672040071e+00	3.5117420915e-01	1.4233547459e+00	-1.1555266342e+00	2.5788813801e+00
200               	-1.8671991124e+00	3.5116427208e-01	1.4233530544e+00	-1.1555225852e+00	2.5788756396e+00
